0.0 0
0.0 1
0.0 2
0.0 3
0.0 4
0.0 5
0.0 6
0.0 7
0.0 8
0.0 9
0.0 10
0.0 11
0.0 12
0.0 13
0.0 14
0.0 15
0.0 16
0.0 17
0.0 18
0.0 19
0.0 20
0.0 21
0.0 22
0.0 23
0.0 24
-47.7239837646 25
-47.7239837646 26
-47.7239837646 27
-47.7239837646 28
-47.7239837646 29
-47.7239837646 30
-47.7239837646 31
-61.4799766541 32
-61.4799766541 33
-61.4799766541 34
-61.4799766541 35
-61.4799766541 36
-61.4799766541 37
-60.2695617676 38
-60.2695617676 39
-60.2695617676 40
-60.2695617676 41
-60.2695617676 42
-60.2695617676 43
-60.2695617676 44
-72.9506912231 45
-72.9506912231 46
-72.9506912231 47
-72.9506912231 48
-72.9506912231 49
-72.9506912231 50
-73.473777771 51
-73.473777771 52
-73.473777771 53
-73.473777771 54
-73.473777771 55
-73.473777771 56
-73.473777771 57
-59.2660636902 58
-59.2660636902 59
-59.2660636902 60
-59.2660636902 61
-59.2660636902 62
-59.2660636902 63
-64.9328994751 64
-64.9328994751 65
-64.9328994751 66
-64.9328994751 67
-64.9328994751 68
-64.9328994751 69
-64.9328994751 70
-55.1733703613 71
-55.1733703613 72
-55.1733703613 73
-55.1733703613 74
-55.1733703613 75
-55.1733703613 76
-47.2691917419 77
-47.2691917419 78
-47.2691917419 79
-47.2691917419 80
-47.2691917419 81
-47.2691917419 82
-48.8464927673 83
-57.2991714478 84
-57.2991714478 85
-57.2991714478 86
-57.2991714478 87
-57.2991714478 88
-57.2991714478 89
-47.4477844238 90
-47.4477844238 91
-47.4477844238 92
-47.4477844238 93
-47.4477844238 94
-47.4477844238 95
-47.1533470154 96
-75.1472702026 97
-75.1472702026 98
-75.1472702026 99
-75.1472702026 100
-75.1472702026 101
-75.1472702026 102
-56.6270332336 103
-56.6270332336 104
-56.6270332336 105
-56.6270332336 106
-56.6270332336 107
-56.6270332336 108
-47.2366638184 109
-54.4080276489 110
-54.4080276489 111
-54.4080276489 112
-54.4080276489 113
-54.4080276489 114
-54.4080276489 115
-61.0539169312 116
-61.0539169312 117
-61.0539169312 118
-61.0539169312 119
-61.0539169312 120
-61.0539169312 121
-46.7151679993 122
-46.7151679993 123
-46.7151679993 124
-46.7151679993 125
-46.7151679993 126
-46.7151679993 127
-46.7151679993 128
-47.1501808167 129
-47.1501808167 130
-47.1501808167 131
-47.1501808167 132
-47.1501808167 133
-47.1501808167 134
-55.1608810425 135
-55.1608810425 136
-55.1608810425 137
-55.1608810425 138
-55.1608810425 139
-55.1608810425 140
-55.1608810425 141
-53.7409286499 142
-53.7409286499 143
-53.7409286499 144
-53.7409286499 145
-53.7409286499 146
-53.7409286499 147
-47.1783676147 148
-47.1783676147 149
-47.1783676147 150
-47.1783676147 151
-47.1783676147 152
-47.1783676147 153
-47.1783676147 154
-50.9889907837 155
-50.9889907837 156
-50.9889907837 157
-50.9889907837 158
-50.9889907837 159
-50.9889907837 160
-66.5461349487 161
-66.5461349487 162
-66.5461349487 163
-66.5461349487 164
-66.5461349487 165
-66.5461349487 166
-47.0376853943 167
-47.2494926453 168
-47.2494926453 169
-47.2494926453 170
-47.2494926453 171
-47.2494926453 172
-47.2494926453 173
-47.51612854 174
-47.51612854 175
-47.51612854 176
-47.51612854 177
-47.51612854 178
-47.51612854 179
-58.1441917419 180
-57.158821106 181
-57.158821106 182
-57.158821106 183
-57.158821106 184
-57.158821106 185
-57.158821106 186
-65.1382904053 187
-65.1382904053 188
-65.1382904053 189
-65.1382904053 190
-65.1382904053 191
-65.1382904053 192
-52.8019943237 193
-61.4030456543 194
-61.4030456543 195
-61.4030456543 196
-61.4030456543 197
-61.4030456543 198
-61.4030456543 199
-60.0198059082 200
-60.0198059082 201
-60.0198059082 202
-60.0198059082 203
-60.0198059082 204
-60.0198059082 205
-58.1768417358 206
-58.1768417358 207
-58.1768417358 208
-58.1768417358 209
-58.1768417358 210
-58.1768417358 211
-58.1768417358 212
-70.7169418335 213
-70.7169418335 214
-70.7169418335 215
-70.7169418335 216
-70.7169418335 217
-70.7169418335 218
-51.4148597717 219
-51.4148597717 220
-51.4148597717 221
-51.4148597717 222
-51.4148597717 223
-51.4148597717 224
-51.4148597717 225
-48.5024490356 226
-48.5024490356 227
-48.5024490356 228
-48.5024490356 229
-48.5024490356 230
-48.5024490356 231
-65.6895980835 232
-65.6895980835 233
-65.6895980835 234
-65.6895980835 235
-65.6895980835 236
-65.6895980835 237
-65.6895980835 238
-46.6394119263 239
-46.6394119263 240
-46.6394119263 241
-46.6394119263 242
-46.6394119263 243
-46.6394119263 244
-46.3868408203 245
-46.3868408203 246
-46.3868408203 247
-46.3868408203 248
-46.3868408203 249
-46.3868408203 250
-46.5249786377 251
-46.4893455505 252
-46.4893455505 253
-46.4893455505 254
-46.4893455505 255
-46.4893455505 256
-46.4893455505 257
-45.8254089355 258
-45.8254089355 259
-45.8254089355 260
-45.8254089355 261
-45.8254089355 262
-45.8254089355 263
-54.6036911011 264
-54.6036911011 265
-54.6036911011 266
-54.6036911011 267
-54.6036911011 268
-54.6036911011 269
-54.6036911011 270
-53.4944152832 271
-53.4944152832 272
-53.4944152832 273
-53.4944152832 274
-53.4944152832 275
-53.4944152832 276
-53.4944152832 277
-57.8439369202 278
-57.8439369202 279
-57.8439369202 280
-57.8439369202 281
-57.8439369202 282
-57.8439369202 283
-65.9608612061 284
-65.9608612061 285
-65.9608612061 286
-65.9608612061 287
-65.9608612061 288
-65.9608612061 289
-59.9444580078 290
-75.1790237427 291
-75.1790237427 292
-75.1790237427 293
-75.1790237427 294
-75.1790237427 295
-75.1790237427 296
-47.2167663574 297
-47.2167663574 298
-47.2167663574 299
-47.2167663574 300
-47.2167663574 301
-47.2167663574 302
-46.786026001 303
-46.786026001 304
-46.786026001 305
-46.786026001 306
-46.786026001 307
-46.786026001 308
-46.786026001 309
-65.928276062 310
-65.928276062 311
-65.928276062 312
-65.928276062 313
-65.928276062 314
-65.928276062 315
-71.116104126 316
-71.116104126 317
-71.116104126 318
-71.116104126 319
-71.116104126 320
-71.116104126 321
-71.116104126 322
-58.52576828 323
-58.52576828 324
-58.52576828 325
-58.52576828 326
-58.52576828 327
-58.52576828 328
-67.9059295654 329
-67.9059295654 330
-67.9059295654 331
-67.9059295654 332
-67.9059295654 333
-67.9059295654 334
-67.9059295654 335
-54.5948448181 336
-54.5948448181 337
-54.5948448181 338
-54.5948448181 339
-54.5948448181 340
-54.5948448181 341
-54.9563217163 342
-54.9563217163 343
-54.9563217163 344
-54.9563217163 345
-54.9563217163 346
-54.9563217163 347
-63.5405845642 348
-77.8598175049 349
-77.8598175049 350
-77.8598175049 351
-77.8598175049 352
-77.8598175049 353
-77.8598175049 354
-52.1110229492 355
-52.1110229492 356
-52.1110229492 357
-52.1110229492 358
-52.1110229492 359
-52.1110229492 360
-68.8620758057 361
-67.2266540527 362
-67.2266540527 363
-67.2266540527 364
-67.2266540527 365
-67.2266540527 366
-67.2266540527 367
-77.0625152588 368
-77.0625152588 369
-77.0625152588 370
-77.0625152588 371
-77.0625152588 372
-77.0625152588 373
-79.0614089966 374
-79.0614089966 375
-79.0614089966 376
-79.0614089966 377
-79.0614089966 378
-79.0614089966 379
-62.8294754028 380
-56.8377075195 381
-56.8377075195 382
-56.8377075195 383
-56.8377075195 384
-56.8377075195 385
-56.8377075195 386
-53.706451416 387
-53.706451416 388
-53.706451416 389
-53.706451416 390
-53.706451416 391
-53.706451416 392
-53.706451416 393
-55.0956840515 394
-55.0956840515 395
-55.0956840515 396
-55.0956840515 397
-55.0956840515 398
-55.0956840515 399
-60.1966209412 400
-60.1966209412 401
-60.1966209412 402
-60.1966209412 403
-60.1966209412 404
-60.1966209412 405
-60.1966209412 406
-46.306804657 407
-46.306804657 408
-46.306804657 409
-46.306804657 410
-46.306804657 411
-46.306804657 412
-68.8402252197 413
-68.8402252197 414
-68.8402252197 415
-68.8402252197 416
-68.8402252197 417
-68.8402252197 418
-68.8402252197 419
-69.0514755249 420
-69.0514755249 421
-69.0514755249 422
-69.0514755249 423
-69.0514755249 424
-69.0514755249 425
-61.5987052917 426
-61.5987052917 427
-61.5987052917 428
-61.5987052917 429
-61.5987052917 430
-61.5987052917 431
-59.6560134888 432
-63.6106529236 433
-63.6106529236 434
-63.6106529236 435
-63.6106529236 436
-63.6106529236 437
-63.6106529236 438
-56.9929885864 439
-56.9929885864 440
-56.9929885864 441
-56.9929885864 442
-56.9929885864 443
-56.9929885864 444
-62.1392250061 445
-62.1392250061 446
-62.1392250061 447
-62.1392250061 448
-62.1392250061 449
-62.1392250061 450
-62.1392250061 451
-47.5476837158 452
-47.5476837158 453
-47.5476837158 454
-47.5476837158 455
-47.5476837158 456
-47.5476837158 457
-57.3019790649 458
-57.3019790649 459
-57.3019790649 460
-57.3019790649 461
-57.3019790649 462
-57.3019790649 463
-57.3019790649 464
-45.7750740051 465
-45.7750740051 466
-45.7750740051 467
-45.7750740051 468
-45.7750740051 469
-45.7750740051 470
-61.1544685364 471
-61.1544685364 472
-61.1544685364 473
-61.1544685364 474
-61.1544685364 475
-61.1544685364 476
-53.6398277283 477
-54.0102157593 478
-54.0102157593 479
-54.0102157593 480
-54.0102157593 481
-54.0102157593 482
-54.0102157593 483
-62.7096748352 484
-62.7096748352 485
-62.7096748352 486
-62.7096748352 487
-62.7096748352 488
-62.7096748352 489
-62.7096748352 490
-70.1921463013 491
-70.1921463013 492
-70.1921463013 493
-70.1921463013 494
-70.1921463013 495
-70.1921463013 496
-48.0339508057 497
-48.0339508057 498
-48.0339508057 499
-48.0339508057 500
-48.0339508057 501
-48.0339508057 502
-45.9543914795 503
-46.109046936 504
-46.109046936 505
-46.109046936 506
-46.109046936 507
-46.109046936 508
-46.109046936 509
-47.3143920898 510
-47.3143920898 511
-47.3143920898 512
-47.3143920898 513
-47.3143920898 514
-47.3143920898 515
-52.542930603 516
-52.542930603 517
-52.542930603 518
-52.542930603 519
-52.542930603 520
-52.542930603 521
-52.542930603 522
-53.4490852356 523
-53.4490852356 524
-53.4490852356 525
-53.4490852356 526
-53.4490852356 527
-53.4490852356 528
-68.3337860107 529
-63.7551727295 530
-63.7551727295 531
-63.7551727295 532
-63.7551727295 533
-63.7551727295 534
-63.7551727295 535
-67.4242553711 536
-67.4242553711 537
-67.4242553711 538
-67.4242553711 539
-67.4242553711 540
-67.4242553711 541
-67.5579605103 542
-67.5579605103 543
-67.5579605103 544
-67.5579605103 545
-67.5579605103 546
-67.5579605103 547
-67.5579605103 548
-74.3358840942 549
-74.3358840942 550
-74.3358840942 551
-74.3358840942 552
-74.3358840942 553
-74.3358840942 554
-71.4472732544 555
-71.4472732544 556
-71.4472732544 557
-71.4472732544 558
-71.4472732544 559
-71.4472732544 560
-71.4472732544 561
-64.0978012085 562
-64.0978012085 563
-64.0978012085 564
-64.0978012085 565
-64.0978012085 566
-64.0978012085 567
-60.1864128113 568
-60.1864128113 569
-60.1864128113 570
-60.1864128113 571
-60.1864128113 572
-60.1864128113 573
-60.1864128113 574
-47.0819892883 575
-47.0819892883 576
-47.0819892883 577
-47.0819892883 578
-47.0819892883 579
-47.0819892883 580
-55.0253143311 581
-55.0253143311 582
-55.0253143311 583
-55.0253143311 584
-55.0253143311 585
-55.0253143311 586
-55.0253143311 587
-59.9898872375 588
-59.9898872375 589
-59.9898872375 590
-59.9898872375 591
-59.9898872375 592
-59.9898872375 593
-71.1904525757 594
-71.1904525757 595
-71.1904525757 596
-71.1904525757 597
-71.1904525757 598
-71.1904525757 599
-71.1904525757 600
-59.4940414429 601
-59.4940414429 602
-59.4940414429 603
-59.4940414429 604
-59.4940414429 605
-59.4940414429 606
-58.0972557068 607
-58.0972557068 608
-58.0972557068 609
-58.0972557068 610
-58.0972557068 611
-58.0972557068 612
-58.0972557068 613
-59.3212242126 614
-59.3212242126 615
-59.3212242126 616
-59.3212242126 617
-59.3212242126 618
-59.3212242126 619
-80.9361114502 620
-80.9361114502 621
-80.9361114502 622
-80.9361114502 623
-80.9361114502 624
-80.9361114502 625
-50.6975402832 626
-54.709312439 627
-54.709312439 628
-54.709312439 629
-54.709312439 630
-54.709312439 631
-54.709312439 632
-63.1311302185 633
-63.1311302185 634
-63.1311302185 635
-63.1311302185 636
-63.1311302185 637
-63.1311302185 638
-65.5523605347 639
-65.5523605347 640
-65.5523605347 641
-65.5523605347 642
-65.5523605347 643
-65.5523605347 644
-65.5523605347 645
-73.8506088257 646
-73.8506088257 647
-73.8506088257 648
-73.8506088257 649
-73.8506088257 650
-73.8506088257 651
-45.8662872314 652
-45.8662872314 653
-45.8662872314 654
-45.8662872314 655
-45.8662872314 656
-45.8662872314 657
-45.8662872314 658
-78.3650512695 659
-78.3650512695 660
-78.3650512695 661
-78.3650512695 662
-78.3650512695 663
-78.3650512695 664
-55.1410827637 665
-55.1410827637 666
-55.1410827637 667
-55.1410827637 668
-55.1410827637 669
-55.1410827637 670
-55.1410827637 671
-44.9879341125 672
-44.9879341125 673
-44.9879341125 674
-44.9879341125 675
-44.9879341125 676
-44.9879341125 677
-62.3126869202 678
-62.3126869202 679
-62.3126869202 680
-62.3126869202 681
-62.3126869202 682
-62.3126869202 683
-62.3126869202 684
-47.3517799377 685
-47.3517799377 686
-47.3517799377 687
-47.3517799377 688
-47.3517799377 689
-47.3517799377 690
-72.2007369995 691
-72.2007369995 692
-72.2007369995 693
-72.2007369995 694
-72.2007369995 695
-72.2007369995 696
-54.9601860046 697
-49.6322441101 698
-49.6322441101 699
-49.6322441101 700
-49.6322441101 701
-49.6322441101 702
-49.6322441101 703
-68.8785934448 704
-68.8785934448 705
-68.8785934448 706
-68.8785934448 707
-68.8785934448 708
-68.8785934448 709
-68.8785934448 710
-72.7665863037 711
-72.7665863037 712
-72.7665863037 713
-72.7665863037 714
-72.7665863037 715
-72.7665863037 716
-60.6398468018 717
-60.6398468018 718
-60.6398468018 719
-60.6398468018 720
-60.6398468018 721
-60.6398468018 722
-61.512008667 723
-60.5328063965 724
-60.5328063965 725
-60.5328063965 726
-60.5328063965 727
-60.5328063965 728
-60.5328063965 729
-58.9445571899 730
-58.9445571899 731
-58.9445571899 732
-58.9445571899 733
-58.9445571899 734
-58.9445571899 735
-46.0175476074 736
-45.9708251953 737
-45.9708251953 738
-45.9708251953 739
-45.9708251953 740
-45.9708251953 741
-45.9708251953 742
-73.978477478 743
-73.978477478 744
-73.978477478 745
-73.978477478 746
-73.978477478 747
-73.978477478 748
-46.1576461792 749
-46.1576461792 750
-46.1576461792 751
-46.1576461792 752
-46.1576461792 753
-46.1576461792 754
-46.1576461792 755
-66.2043533325 756
-66.2043533325 757
-66.2043533325 758
-66.2043533325 759
-66.2043533325 760
-66.2043533325 761
-52.0818061829 762
-54.0071487427 763
-56.4663391113 764
-56.4663391113 765
-56.4663391113 766
-56.4663391113 767
-56.4663391113 768
-56.4663391113 769
-70.5410690308 770
-70.5410690308 771
-70.5410690308 772
-70.5410690308 773
-70.5410690308 774
-70.5410690308 775
-73.6689453125 776
-73.6689453125 777
-73.6689453125 778
-73.6689453125 779
-73.6689453125 780
-73.6689453125 781
-73.6689453125 782
-87.66355896 783
-87.66355896 784
-87.66355896 785
-87.66355896 786
-87.66355896 787
-87.66355896 788
-97.3310394287 789
-97.3310394287 790
-97.3310394287 791
-97.3310394287 792
-97.3310394287 793
-97.3310394287 794
-89.2451324463 795
-88.2930450439 796
-88.2930450439 797
-88.2930450439 798
-88.2930450439 799
