1 0 -114.297566633 3888.28049061 2727.61957837 -374.578609537 
2 0.049201965332 -111.87580098 3888.28049061 2727.61957837 -374.578609537 
3 0.242944002151 -120.48475461 3888.28031804 2727.61945731 -374.29740952 
4 0.394677877426 -118.349200857 3888.28031804 2727.61945731 -374.29740952 
5 0.556991815567 -119.554669133 3888.28045704 2727.61955482 -374.523906486 
6 0.73527598381 -117.906856656 3888.28040648 2727.61951935 -374.441516691 
7 0.917783975601 -118.466465968 3888.16615619 2727.91265999 -374.441460599 
8 1.0721809864 -116.543282552 3888.16630009 2727.91276095 -374.675946581 
9 1.22041893005 -115.039077371 3888.16630009 2727.91276095 -374.675946581 
10 1.38052392006 -116.349291747 3888.16620729 2727.91269584 -374.524723727 
11 1.5682888031 -113.292463987 3888.16620729 2727.91269584 -374.524723727 
12 1.7019469738 -116.692942028 3888.16633119 2727.91278277 -374.726614285 
13 1.86265492439 -117.188218785 3888.50493879 2726.06307605 -374.727202612 
14 2.02064180374 -122.22742177 3888.50474302 2726.0629388 -374.408216284 
15 2.1831510067 -121.389546554 3888.50467647 2726.06289215 -374.299777906 
16 2.33325386047 -122.658341401 3888.50467647 2726.06289215 -374.299777906 
17 2.49747800827 -122.525736117 3888.50482716 2726.06299779 -374.545303563 
18 2.64581680298 -124.576248959 3888.50482716 2726.06299779 -374.545303563 
19 2.80125594139 -122.378363612 3888.58232904 2726.14164194 -374.482541552 
20 2.95500278473 -122.457352225 3888.58232904 2726.14164194 -374.482541552 
21 3.11044192314 -121.450585254 3888.58236013 2726.14166374 -374.533210155 
22 3.26290082932 -121.173170139 3888.58236013 2726.14166374 -374.533210155 
23 3.41940879822 -120.216503259 3888.58233942 2726.14164922 -374.499459265 
24 3.57510995865 -120.237041654 3888.58233942 2726.14164922 -374.499459265 
25 3.74064779282 -121.211048712 3888.58231753 2726.14163387 -374.463791134 
26 3.88544988632 -121.291583608 3888.54842216 2726.08443406 -374.29395377 
27 4.06975293159 -121.958310341 3888.54842216 2726.08443406 -374.29395377 
28 4.22304677963 -122.275109306 3888.54863617 2726.0845841 -374.642658434 
29 4.37688779831 -121.663362835 3888.54863617 2726.0845841 -374.642658434 
30 4.53305077553 -121.235197708 3888.54851964 2726.0845024 -374.452783618 
31 4.718708992 -118.612857906 3888.54851964 2726.0845024 -374.452783618 
32 4.87809586525 -120.378507247 3888.54869648 2726.08462638 -374.740918744 
33 5.02547597885 -119.803561643 3888.13819938 2728.61166269 -374.740082864 
34 5.17901778221 -122.948794223 3888.13800916 2728.6115292 -374.430124256 
35 5.36225485802 -123.458638557 3888.13800916 2728.6115292 -374.430124256 
36 5.51506090164 -122.925674986 3888.13795317 2728.6114899 -374.338880704 
37 5.66860485077 -123.494113042 3888.13818658 2728.6116537 -374.719219403 
38 5.82708883286 -122.653054756 3887.92958851 2728.46820125 -374.71940919 
39 6.00908589363 -117.903638312 3887.92961659 2728.46822096 -374.765171495 
40 6.15503382683 -116.909470688 3887.92961659 2728.46822096 -374.765171495 
41 6.29985690117 -117.76102873 3887.92938185 2728.46805622 -374.382639121 
42 6.4520368576 -123.031348066 3887.92938185 2728.46805622 -374.382639121 
43 6.6387989521 -122.518047645 3887.92945748 2728.46810929 -374.505879563 
44 6.77905583382 -123.227762563 3887.92945748 2728.46810929 -374.505879563 
45 6.93524599075 -123.890765869 3887.70927219 2728.42649098 -374.558619071 
46 7.08598089218 -123.685465029 3887.70927219 2728.42649098 -374.558619071 
47 7.27332186699 -122.283026261 3887.70935077 2728.42654613 -374.686684369 
48 7.42809200287 -122.027142656 3887.70929532 2728.42650721 -374.596316083 
49 7.58947682381 -122.764907121 3887.70929532 2728.42650721 -374.596316083 
50 7.74604582787 -122.766401741 nan nan nan 
51 7.93128800392 -123.335003517 nan nan nan 
52 8.08835077286 -124.297019843 nan nan nan 
53 8.23879098892 -125.820606373 nan nan nan 
54 8.39403891563 -125.901102976 nan nan nan 
55 8.57992100716 -123.957807177 nan nan nan 
56 8.73375988007 -120.213143614 nan nan nan 
57 8.88762688637 -116.469949931 nan nan nan 
58 9.04437279701 -111.292067511 nan nan nan 
59 9.22935295105 -105.682383792 nan nan nan 
60 9.37917995453 -108.958331268 nan nan nan 
61 9.53465986252 -114.70957836 nan nan nan 
62 9.68861889839 -122.569438173 nan nan nan 
63 9.84221887589 -124.270443022 nan nan nan 
64 9.99426984787 -122.955665601 nan nan nan 
65 10.1501078606 -115.439445023 nan nan nan 
66 10.3066799641 -111.498624842 nan nan nan 
67 10.5007169247 -115.127602091 nan nan nan 
68 10.6538958549 -125.907948056 nan nan nan 
69 10.8115019798 -128.287084131 nan nan nan 
70 10.9647488594 -126.318530168 nan nan nan 
71 11.1237399578 -123.952079541 nan nan nan 
72 11.310738802 -115.487382628 nan nan nan 
73 11.4688727856 -115.552861358 nan nan nan 
74 11.6185789108 -115.168328343 nan nan nan 
75 11.8082277775 -122.964188347 nan nan nan 
76 11.9560368061 -116.327622408 nan nan nan 
77 12.1237478256 -114.451085498 nan nan nan 
78 12.2773718834 -113.324438561 nan nan nan 
79 12.4683749676 -119.675089733 nan nan nan 
80 12.6294078827 -112.608820422 nan nan nan 
81 12.781430006 -114.082868726 nan nan nan 
82 12.9361438751 -114.150403764 nan nan nan 
83 13.0917289257 -123.030262209 nan nan nan 
84 13.2882759571 -121.755241117 nan nan nan 
85 13.4379107952 -123.510671165 nan nan nan 
86 13.5970118046 -114.833787022 nan nan nan 
87 13.7549128532 -115.601615469 nan nan nan 
88 13.9475178719 -114.659035642 nan nan nan 
89 14.0965359211 -119.391210081 nan nan nan 
90 14.2534627914 -118.68425357 nan nan nan 
91 14.4119808674 -117.795621885 nan nan nan 
92 14.5959467888 -119.669278872 nan nan nan 
93 14.7471199036 -119.291568794 nan nan nan 
94 14.9009997845 -119.84404419 nan nan nan 
95 15.0521609783 -111.169540573 nan nan nan 
96 15.2095069885 -104.868061532 nan nan nan 
97 15.369601965 -105.562025622 nan nan nan 
98 15.5218889713 -115.478246799 nan nan nan 
99 15.6837279797 -123.840334513 nan nan nan 
100 15.8347649574 -122.777022735 nan nan nan 
101 15.9951570034 -122.884424872 nan nan nan 
102 16.1494178772 -121.232766735 nan nan nan 
103 16.2795629501 -121.302641001 nan nan nan 
104 16.4862887859 -123.932387682 nan nan nan 
105 16.6200587749 -123.484175875 nan nan nan 
106 16.7824399471 -124.093899084 nan nan nan 
107 16.9359359741 -118.020708139 3888.47553006 2725.51054019 -374.230612545 
108 17.1226868629 -118.824491957 3888.47553006 2725.51054019 -374.230612545 
109 17.2561159134 -118.934870748 3888.47560506 2725.51059276 -374.352819768 
110 17.4151558876 -122.073537095 3888.47560506 2725.51059276 -374.352819768 
111 17.5710380077 -121.074433368 3888.47566412 2725.51063415 -374.449045098 
112 17.7288858891 -118.702964865 3888.47566412 2725.51063415 -374.449045098 
113 17.8835129738 -116.597036228 3888.63609183 2725.46887775 -374.24649165 
114 18.0290429592 -118.398594788 3888.63609183 2725.46887775 -374.24649165 
115 18.1934378147 -121.277158893 3888.63604846 2725.46884736 -374.175836254 
116 18.3666219711 -124.46887616 3888.63614482 2725.46891489 -374.332826851 
117 18.521586895 -123.856845177 3888.63614482 2725.46891489 -374.332826851 
118 18.6769888401 -125.351248789 3888.63596739 2725.46879054 -374.043739582 
119 18.8369069099 -128.257376999 3888.46525534 2725.3978021 -374.043874891 
120 19.0131239891 -127.236176453 3888.46537789 2725.39788799 -374.243555446 
121 19.1661608219 -124.942845817 3888.46537789 2725.39788799 -374.243555446 
122 19.3258678913 -114.575670901 3888.4653419 2725.39786277 -374.184905114 
123 19.4867839813 -114.948747974 3888.46543034 2725.39792475 -374.329010524 
124 19.6756739616 -115.919447536 3888.46543034 2725.39792475 -374.329010524 
125 19.8320767879 -122.861812993 nan nan nan 
126 19.9795589447 -122.866536015 nan nan nan 
127 20.1351749897 -115.898354042 nan nan nan 
128 20.3180408478 -114.429003129 nan nan nan 
129 20.4720139503 -114.597533627 nan nan nan 
130 20.6328959465 -119.801523883 nan nan nan 
131 20.7921469212 -119.515641943 3887.54303906 2725.43954292 -374.014621112 
132 20.9782459736 -119.652427538 3887.54321896 2725.43966904 -374.307814728 
133 21.1307079792 -113.294616582 3887.54321896 2725.43966904 -374.307814728 
134 21.2871649265 -107.623953669 3887.54307204 2725.43956604 -374.068363004 
135 21.4423918724 -107.840706428 3887.54307204 2725.43956604 -374.068363004 
136 21.6188318729 -113.769476153 3887.54327189 2725.43970615 -374.394071663 
137 21.7745609283 -120.690152841 3887.54327189 2725.43970615 -374.394071663 
138 21.9286308289 -121.845272819 3887.90124072 2725.79142527 -374.469266217 
139 22.0828549862 -122.623664831 3887.90112551 2725.79134449 -374.281514416 
140 22.2670648098 -121.760965894 3887.90112551 2725.79134449 -374.281514416 
141 22.419896841 -121.646029141 3887.90109931 2725.79132613 -374.23882414 
142 22.5805737972 -123.077738951 3887.90109931 2725.79132613 -374.23882414 
143 22.7441849709 -118.826221133 3887.90124013 2725.79142486 -374.46830874 
144 22.8911058903 -117.213211338 3887.15720508 2724.02511334 -374.469524925 
145 23.0386579037 -118.457239525 3887.15697776 2724.02495404 -374.099010006 
146 23.1992509365 -125.363255916 3887.15697776 2724.02495404 -374.099010006 
147 23.3477859497 -119.377246166 3887.15703131 2724.02499157 -374.186298332 
148 23.5347859859 -118.061259636 3887.15698926 2724.0249621 -374.117761136 
149 23.6892518997 -116.996676431 3887.15698926 2724.0249621 -374.117761136 
150 23.8429968357 -123.726819848 3886.78459464 2724.2039961 -374.265086271 
151 24.0226919651 -123.930765342 3886.78459464 2724.2039961 -374.265086271 
152 24.2077989578 -116.018868192 3886.78457749 2724.20398407 -374.237120389 
153 24.3682799339 -118.170353894 3886.78457749 2724.20398407 -374.237120389 
154 24.5254108906 -115.991754704 3886.78457259 2724.20398064 -374.229140534 
155 24.6751368046 -119.795449258 3886.78450925 2724.20393625 -374.125892671 
156 24.8649139404 -117.682035838 3885.65050936 2724.38305596 -374.126511219 
157 25.0191209316 -119.72268954 3885.65044964 2724.38301409 -374.029126529 
158 25.172950983 -119.971369138 3885.65044964 2724.38301409 -374.029126529 
159 25.3238899708 -119.513805263 3885.65066047 2724.38316191 -374.372907633 
160 25.5057339668 -118.071339606 3885.65066047 2724.38316191 -374.372907633 
161 25.6474878788 -122.215375204 3885.65050694 2724.38305426 -374.122555075 
162 25.8091938496 -123.743490107 3886.65865703 2722.17838501 -374.122884334 
163 25.9570679665 -122.439402342 3886.65865402 2722.1783829 -374.117975511 
164 26.141630888 -120.507309086 3886.6587064 2722.17841958 -374.203357539 
165 26.304035902 -119.936745118 3886.6587064 2722.17841958 -374.203357539 
166 26.4583129883 -120.19343778 3886.65866381 2722.17838976 -374.133935559 
167 26.6242849827 -119.150040788 3886.65866381 2722.17838976 -374.133935559 
168 26.8058309555 -117.911363041 3886.6585888 2722.17833722 -374.011655921 
169 26.9404377937 -120.285802212 3886.19988828 2722.75846701 -374.011688012 
170 27.1088829041 -120.080673603 3886.20007651 2722.7585989 -374.318572269 
171 27.2548458576 -113.415185999 3886.20007651 2722.7585989 -374.318572269 
172 27.4452428818 -113.877225398 3886.19994914 2722.75850966 -374.11091262 
173 27.5953438282 -116.822937784 3886.19994914 2722.75850966 -374.11091262 
174 27.755781889 -123.478985188 3886.19984381 2722.75843586 -373.939194026 
175 27.9086868763 -116.880445711 3885.90323598 2723.08258688 -374.246122916 
176 28.0676989555 -110.529796399 3885.90323598 2723.08258688 -374.246122916 
177 28.2162737846 -109.540945512 3885.90319888 2723.08256088 -374.185635675 
178 28.3686709404 -115.71569408 3885.90319888 2723.08256088 -374.185635675 
179 28.5160739422 -118.845362412 3885.90316345 2723.08253605 -374.127868164 
180 28.7038748264 -120.900792352 3885.90316345 2723.08253605 -374.127868164 
181 28.8454518318 -120.823885182 3885.04441616 2723.07490283 -374.262612549 
182 28.9975140095 -122.027943515 3885.04441616 2723.07490283 -374.262612549 
183 29.1539139748 -121.168603867 3885.04426018 2723.0747935 -374.008239372 
184 29.3385708332 -121.231201141 3885.04413719 2723.0747073 -373.80766841 
185 29.4888298512 -114.838300572 3885.04413719 2723.0747073 -373.80766841 
186 29.6521649361 -114.052350403 3885.04431559 2723.07483234 -374.098596092 
187 29.8100199699 -114.435212483 3884.84879794 2723.42196384 -374.098566774 
188 29.9861168861 -120.001471472 3884.84881073 2723.42197281 -374.119436058 
189 30.1421728134 -119.541128745 3884.84881073 2723.42197281 -374.119436058 
190 30.2993798256 -118.247280102 3884.84890888 2723.42204162 -374.279497431 
191 30.4483158588 -118.767066725 3884.84874801 2723.42192884 -374.0171413 
192 30.6296448708 -120.256217099 3884.84874801 2723.42192884 -374.0171413 
193 30.7838599682 -119.94484648 3884.52000905 2723.62251738 -373.972725197 
194 30.9347698689 -115.01113895 3884.52000905 2723.62251738 -373.972725197 
195 31.090846777 -114.3597066 3884.52007837 2723.62256598 -374.085792853 
196 31.2724318504 -114.644500422 3884.52007837 2723.62256598 -374.085792853 
197 31.407545805 -119.173702372 3884.5201972 2723.6226493 -374.27961274 
198 31.5669519901 -119.063888489 3884.5201972 2723.6226493 -374.27961274 
199 32.105399847 -108.655719432 3884.76770357 2721.86221811 -373.996991114 
200 32.2134947777 -115.487350375 3884.76783826 2721.86231248 -374.216659049 
201 32.3649950027 -120.916143911 3884.76783826 2721.86231248 -374.216659049 
202 32.5534470081 -120.120081613 3884.76773895 2721.8622429 -374.05469141 
203 32.7047708035 -120.792624611 3884.76773895 2721.8622429 -374.05469141 
204 32.8703448772 -121.561345077 3884.32001534 2722.04447634 -374.285321792 
205 33.0106949806 -121.09061968 3884.32001534 2722.04447634 -374.285321792 
206 33.198376894 -120.722920055 3884.31988745 2722.04438671 -374.076709129 
207 33.3532528877 -119.799457761 3884.31988745 2722.04438671 -374.076709129 
208 33.5083749294 -120.605929966 3884.319963 2722.04443966 -374.199940898 
209 33.665599823 -120.157227746 3884.3200342 2722.04448955 -374.316079351 
210 33.8521258831 -122.082026093 3884.16388598 2722.24970843 -374.316086908 
211 34.0034599304 -122.447586798 3884.16374225 2722.24960769 -374.081626484 
212 34.1619429588 -123.869885847 3884.16374225 2722.24960769 -374.081626484 
213 34.3130509853 -122.324909394 3884.16377937 2722.2496337 -374.142181707 
214 34.4979519844 -120.120191819 3884.16371118 2722.24958591 -374.030955163 
215 34.648848772 -119.7662393 3884.16371118 2722.24958591 -374.030955163 
216 34.8112368584 -119.785722482 3884.38635576 2720.75941801 -374.295649667 
217 34.9610898495 -120.663774645 3884.38635576 2720.75941801 -374.295649667 
218 35.1489078999 -115.792332373 3884.38621992 2720.75932286 -374.074072938 
219 35.302713871 -116.374940181 3884.38622185 2720.75932421 -374.077220431 
220 35.4503247738 -116.263885642 3884.38620717 2720.75931393 -374.053280338 
221 35.6122879982 -121.464255074 3884.38620717 2720.75931393 -374.053280338 
222 35.7718818188 -115.966916593 3884.38626575 2720.75935496 -374.148827438 
223 35.9275729656 -115.807478771 3884.06945805 2721.006092 -374.012795774 
224 36.0796689987 -115.886471425 3884.06945805 2721.006092 -374.012795774 
225 36.2334179878 -121.881169719 3884.06953961 2721.00614914 -374.14584455 
226 36.4187178612 -118.603244036 3884.06953961 2721.00614914 -374.14584455 
227 36.5747590065 -111.52811955 3884.06951403 2721.00613122 -374.104106715 
228 36.7289469242 -110.785234633 3884.06951403 2721.00613122 -374.104106715 
229 36.8910207748 -115.032641313 3883.67772754 2721.40413046 -373.983063495 
230 37.0810029507 -122.128391955 3883.67772754 2721.40413046 -373.983063495 
231 37.2301468849 -122.410557451 3883.67803922 2721.40434887 -374.49153506 
232 37.3920619488 -122.232041008 3883.67803922 2721.40434887 -374.49153506 
233 37.5407438278 -115.166671224 3883.67788705 2721.40424224 -374.243300163 
234 37.7308499813 -113.864668981 3883.6779735 2721.40430282 -374.384333267 
235 37.8817298412 -112.822980682 3882.84853359 2722.9039188 -374.384197332 
236 38.0310089588 -115.876246145 3882.84855917 2722.90393673 -374.425930506 
237 38.1879329681 -116.141259946 3882.84855917 2722.90393673 -374.425930506 
238 38.3677909374 -116.288572439 3882.84842342 2722.90384154 -374.204428359 
239 38.521876812 -113.458594465 3882.84848858 2722.90388723 -374.310748843 
240 38.677079916 -104.151661819 3882.84848858 2722.90388723 -374.310748843 
241 38.8374989033 -103.72019631 3882.31581157 2722.46580824 -374.221856477 
242 38.989825964 -110.960750083 3882.31581157 2722.46580824 -374.221856477 
243 39.1460728645 -121.853050854 3882.31577806 2722.46578474 -374.167161302 
244 39.2943229675 -123.486628159 3882.31577806 2722.46578474 -374.167161302 
245 39.4573628902 -123.671544281 3882.31574943 2722.46576466 -374.120447505 
246 39.6148188114 -124.406302399 3882.31574943 2722.46576466 -374.120447505 
247 39.7697188854 -117.311293249 3882.31601358 2722.4659499 -374.551519271 
248 39.8918178082 -118.004175853 3882.29970533 2722.25609197 -374.551619435 
249 40.0747659206 -117.441954847 3882.29938457 2722.25586705 -374.028136983 
250 40.2602419853 -123.654831685 3882.29961649 2722.25602968 -374.406635329 
251 40.4124598503 -123.850773607 3882.29961649 2722.25602968 -374.406635329 
252 40.5749149323 -124.236070272 3882.29954775 2722.25598148 -374.294449083 
253 40.731317997 -124.826378837 3882.29954775 2722.25598148 -374.294449083 
254 40.9141499996 -121.892384071 3882.10975339 2722.55219807 -374.240696504 
255 41.0691318512 -114.690344907 3882.10975339 2722.55219807 -374.240696504 
256 41.2329018116 -114.05410141 3882.10966096 2722.55213325 -374.089848343 
257 41.3765878677 -114.106206828 3882.10966096 2722.55213325 -374.089848343 
258 41.5618507862 -110.468662502 3882.10971086 2722.55216824 -374.171274967 
259 41.7095339298 -112.0015826 3882.10971086 2722.55216824 -374.171274967 
260 41.8671858311 -113.499224478 3881.69842934 2723.02124332 -374.252753113 
261 42.0169639587 -118.987802123 3881.69857052 2723.02134236 -374.483198272 
262 42.202657938 -119.172837677 3881.69857052 2723.02134236 -374.483198272 
263 42.3474028111 -118.307361657 3881.69859367 2723.0213586 -374.520981449 
264 42.5050909519 -120.109481129 3881.69859367 2723.0213586 -374.520981449 
265 42.6558198929 -119.457876548 3881.69845307 2723.02125997 -374.291491567 
266 42.847591877 -119.943957415 3881.69845307 2723.02125997 -374.291491567 
267 43.0013849735 -121.092421919 3881.39453368 2722.80384102 -374.444737164 
268 43.1529438496 -120.763465277 3881.39453368 2722.80384102 -374.444737164 
269 43.3060519695 -117.218134234 3881.39445088 2722.80378293 -374.309566215 
270 43.4665558338 -114.170228059 3881.39445088 2722.80378293 -374.309566215 
271 43.6303517818 -113.015315339 3881.39451843 2722.80383032 -374.419841184 
272 43.7745778561 -117.924280112 nan nan nan 
273 43.9295489788 -121.187433305 nan nan nan 
274 44.1086127758 -121.179725825 nan nan nan 
275 44.2665159702 -117.180872364 nan nan nan 
276 44.4165117741 -117.843230586 nan nan nan 
277 44.5712618828 -113.278358172 nan nan nan 
278 44.760986805 -117.241117202 nan nan nan 
279 44.912596941 -106.620305163 nan nan nan 
280 45.0675058365 -106.954681452 nan nan nan 
281 45.2196598053 -105.783699716 nan nan nan 
282 45.4088289738 -116.533426603 nan nan nan 
283 45.5475108624 -120.421406729 nan nan nan 
284 45.7016530037 -115.975852785 nan nan nan 
285 45.8574810028 -108.475636994 nan nan nan 
286 46.0410788059 -109.679768505 nan nan nan 
287 46.1967689991 -115.090640046 nan nan nan 
288 46.3449749947 -121.769453234 nan nan nan 
289 46.5054478645 -123.59401626 nan nan nan 
290 46.6923649311 -121.906727104 nan nan nan 
291 46.8267669678 -118.094891835 3879.49336507 2721.5681885 -374.192051338 
292 46.9757518768 -115.655618327 3879.4933991 2721.56821237 -374.24763032 
293 47.1369698048 -115.077018978 3879.4933991 2721.56821237 -374.24763032 
294 47.3187198639 -116.87783682 3879.49351047 2721.5682905 -374.429515991 
295 47.4719979763 -118.003388791 3879.49351047 2721.5682905 -374.429515991 
296 47.6269638538 -120.415987125 3879.49346608 2721.56825936 -374.357023642 
297 47.7774829865 -123.359593584 3879.43546594 2721.41854395 -374.22802576 
298 47.9653289318 -124.480186797 3879.43546594 2721.41854395 -374.22802576 
299 48.1154878139 -124.092023322 3879.43550907 2721.41857421 -374.298473684 
300 48.272135973 -122.568076116 3879.43550907 2721.41857421 -374.298473684 
301 48.420290947 -120.791434773 3879.43556511 2721.41861352 -374.389998808 
302 48.6077268124 -119.118441356 3879.43556511 2721.41861352 -374.389998808 
303 48.7673788071 -115.425579875 3879.43541236 2721.41850637 -374.140526654 
304 48.8860538006 -116.251661441 3879.43288408 2721.1886719 -374.14062692 
305 49.0776128769 -117.771478259 3879.43299056 2721.18874659 -374.314533601 
306 49.2624869347 -121.205190128 3879.43310247 2721.18882509 -374.497301153 
307 49.4151329994 -119.603046486 3879.43310247 2721.18882509 -374.497301153 
308 49.5761067867 -119.142835149 3879.43308234 2721.18881097 -374.464425635 
309 49.7261838913 -117.899168483 3879.43308234 2721.18881097 -374.464425635 
310 49.9134988785 -120.036387046 3879.81819203 2718.93166771 -374.152411005 
311 50.0672738552 -118.082032817 3879.81819203 2718.93166771 -374.152411005 
312 50.2235310078 -120.335057085 3879.8183623 2718.93178702 -374.430449047 
313 50.3775799274 -119.599264191 3879.81826315 2718.93171755 -374.268548916 
314 50.5642058849 -120.695106299 3879.81826315 2718.93171755 -374.268548916 
315 50.7149219513 -118.98505189 3879.81841893 2718.93182671 -374.522930804 
316 50.8688549995 -111.653191992 3879.59741762 2718.59400145 -374.523211098 
317 51.0523409843 -112.619028031 3879.59736647 2718.5939656 -374.439666008 
318 51.2383937836 -114.757529886 3879.59747349 2718.5940406 -374.614453005 
319 51.3734519482 -121.156758839 3879.59747349 2718.5940406 -374.614453005 
320 51.529706955 -118.051427649 3879.59728257 2718.59390682 -374.302659643 
321 51.6861720085 -111.94044496 3879.59728257 2718.59390682 -374.302659643 
322 51.8436529636 -111.413026288 3879.59728257 2718.59390682 -374.302659643 
323 51.9787328243 -113.663795681 3879.50535011 2718.23914826 -374.58302631 
324 52.1386368275 -118.830646354 3879.50525698 2718.23908301 -374.430938 
325 52.286539793 -119.850534493 3879.50525698 2718.23908301 -374.430938 
326 52.4730639458 -116.02627447 3879.50509463 2718.23896926 -374.165788791 
327 52.6267428398 -116.486066857 3879.50509463 2718.23896926 -374.165788791 
328 52.7803578377 -116.960236338 3879.50526245 2718.23908685 -374.439874669 
329 52.9352078438 -121.142479603 3879.17833892 2718.37327275 -374.336765272 
330 53.1191577911 -119.812600282 3879.17833892 2718.37327275 -374.336765272 
331 53.2748789787 -119.770892233 3879.17826894 2718.37322371 -374.222464184 
332 53.4228518009 -116.714057992 3879.17826894 2718.37322371 -374.222464184 
333 53.5844688416 -115.321429942 3879.17829454 2718.37324164 -374.264272406 
334 53.7393789291 -114.111495602 3879.17829454 2718.37324164 -374.264272406 
335 53.8786737919 -117.398886072 3879.17848002 2718.37337162 -374.567209829 
336 54.0281589031 -120.364604786 3879.28728316 2718.27933518 -374.567183557 
337 54.183562994 -122.45911528 3879.28718704 2718.27926782 -374.410187918 
338 54.3407299519 -123.450232413 3879.28718704 2718.27926782 -374.410187918 
339 54.4925849438 -115.673050287 3879.28706173 2718.27918002 -374.205524762 
340 54.6515808105 -114.139200238 3879.28706173 2718.27918002 -374.205524762 
341 54.8033390045 -114.30794613 3879.28725155 2718.27931303 -374.515556461 
342 54.9864039421 -121.621618386 3879.37997142 2718.1233179 -374.282052113 
343 55.1379258633 -120.772609663 3879.37997142 2718.1233179 -374.282052113 
344 55.2903628349 -119.358993364 3879.37997142 2718.1233179 -374.282052113 
345 55.441177845 -118.660468324 3879.37992645 2718.1232864 -374.208605767 
346 55.6363358498 -119.193327357 3879.38014543 2718.12343982 -374.566234847 
347 55.7824897766 -119.322206232 3879.38014543 2718.12343982 -374.566234847 
348 55.9396808147 -115.381588693 3879.74055803 2716.28449276 -374.43067581 
349 56.0959467888 -115.644611737 3879.74055803 2716.28449276 -374.43067581 
350 56.2821428776 -115.623129577 3879.74062314 2716.28453835 -374.536999774 
351 56.4378988743 -116.463496911 3879.74055014 2716.28448724 -374.417788889 
352 56.5908420086 -117.020418138 3879.74055014 2716.28448724 -374.417788889 
353 56.7508299351 -118.226815385 3879.74037913 2716.28436751 -374.138519682 
354 56.9350118637 -122.024333089 3879.84525347 2716.17475308 -374.138502454 
355 57.092872858 -122.128163673 3879.84531745 2716.17479787 -374.242984094 
356 57.2456128597 -119.326122223 3879.84531745 2716.17479787 -374.242984094 
357 57.4073009491 -116.022707881 3879.8453357 2716.17481065 -374.272786683 
358 57.5892708302 -116.852318747 3879.84534906 2716.17482 -374.294609547 
359 57.7435798645 -119.415980539 3879.84534906 2716.17482 -374.294609547 
360 57.8957448006 -122.631817656 3880.02198514 2716.19493157 -374.39371591 
361 58.0439009666 -121.143132314 3880.02198514 2716.19493157 -374.39371591 
362 58.2372839451 -117.908779385 3880.02201016 2716.19494908 -374.434570905 
363 58.3816587925 -115.581083045 3880.02201016 2716.19494908 -374.434570905 
364 58.5388798714 -115.171705388 3880.02188053 2716.19485833 -374.22288187 
365 58.6925208569 -118.0913701 3880.02188053 2716.19485833 -374.22288187 
366 58.8460907936 -120.58476264 3880.02220416 2716.19508489 -374.751354467 
367 59.0010478497 -121.057112948 3880.23239139 2714.51040294 -374.751947757 
368 59.1549139023 -120.403496422 3880.23226363 2714.51031356 -374.543323526 
369 59.3099107742 -115.659621693 3880.2323208 2714.51035356 -374.636679882 
370 59.4955198765 -116.19880999 3880.2323208 2714.51035356 -374.636679882 
371 59.6502468586 -115.832804576 3880.23240176 2714.51041019 -374.768867994 
372 59.8070678711 -118.458617004 3880.23240176 2714.51041019 -374.768867994 
373 59.9669589996 -117.151387455 3880.2580329 2714.5365263 -374.546369956 
374 60.1446948051 -113.692128487 3880.2580329 2714.5365263 -374.546369956 
375 60.2978649139 -113.989896581 3880.25809308 2714.5365684 -374.644632252 
376 60.4540319443 -112.700684197 3880.25809308 2714.5365684 -374.644632252 
377 60.6106410027 -117.742430932 3880.25794894 2714.53646756 -374.409285552 
378 60.7947509289 -119.005848704 3880.25794464 2714.53646455 -374.402261874 
379 60.9485578537 -121.693748442 3880.22230209 2714.5457151 -374.402279739 
380 61.1014587879 -122.183746655 3880.22240183 2714.54578487 -374.565138035 
381 61.2584857941 -125.210491435 3880.22240183 2714.54578487 -374.565138035 
382 61.4104909897 -124.5301443 3880.22236533 2714.54575934 -374.505531745 
383 61.5675048828 -121.366576121 3880.22236533 2714.54575934 -374.505531745 
384 61.7219059467 -118.377691998 3880.22231976 2714.54572746 -374.431125992 
385 61.8805828094 -113.449114175 3880.01090841 2713.2174554 -374.431824417 
386 62.0624229908 -116.578419217 3880.01099967 2713.21751921 -374.580836989 
387 62.2273638248 -118.69595906 3880.01099967 2713.21751921 -374.580836989 
388 62.3671958447 -117.439908221 3880.01083111 2713.21740134 -374.305591075 
389 62.5260279179 -116.775204228 3880.01090841 2713.2174554 -374.431824417 
390 62.6807348728 -108.522136131 3880.01090841 2713.2174554 -374.431824417 
391 62.8354668617 -114.724094328 3880.01092424 2713.21746647 -374.45767677 
392 62.995018959 -117.388306382 3879.61951995 2712.95686476 -374.458028046 
393 63.1479079723 -125.151015289 3879.61942623 2712.95679923 -374.304987674 
394 63.3341958523 -126.819872777 3879.61948157 2712.95683793 -374.395349754 
395 63.4869430065 -126.90984752 3879.61948157 2712.95683793 -374.395349754 
396 63.6400179863 -126.656483255 3879.61939579 2712.95677794 -374.255272238 
397 63.7943129539 -126.303550843 3879.61939579 2712.95677794 -374.255272238 
398 63.9768569469 -124.057738383 3879.86084909 2713.51983299 -374.335355788 
399 64.1290688515 -123.263718159 3879.86084909 2713.51983299 -374.335355788 
400 64.2829618454 -121.911527087 3879.86096047 2713.51991089 -374.517245332 
