0.0168503733974 -1.82404931064 2.62236071025e-07 
0.0 0.0 0.0 
-0.0505512562754 1.82341708902 2.61471759633e-07 
-0.134807130926 3.64557056016 1.0496081152e-06 
-0.252718943116 5.46585495472 2.36211000249e-06 
-0.404260715215 7.28362129332 4.19909387495e-06 
-0.589375465279 9.09825208347 6.56063484339e-06 
-0.807987203959 10.9091150256 9.44319308638e-06 
-1.06003654937 12.715601885 1.28485707347e-05 
-1.34542370181 14.51708407 1.67747410296e-05 
-1.66404886609 16.3129329908 2.12205396659e-05 
-2.01580985202 18.1025293152 2.61830645911e-05 
-2.40057585134 19.8852759373 3.1662221931e-05 
-2.81821255931 21.6605452008 3.76550196037e-05 
-3.26858087321 23.4277279682 4.41590383868e-05 
-3.75152027933 25.1862095502 5.11735807782e-05 
-4.26685236327 26.9354002621 5.86942992546e-05 
-4.81441661329 28.6746854129 6.6720646724e-05 
-5.39398939973 30.4034734795 7.52481957118e-05 
-6.00540541292 32.1211682882 8.42738906393e-05 
-6.64843031901 33.8271755378 9.37960589935e-05 
-7.32283809466 35.5209129626 0.000103809114135 
-8.02840270911 37.2017982917 0.000114311746244 
-8.76486122439 38.869259452 0.000125297789064 
-9.53197691277 40.5227113987 0.000136766118503 
-10.3294737316 42.1615885418 0.000148709827242 
-11.1570601359 43.7853410322 0.000161127460515 
-12.0144731925 45.3933967931 0.000174012140656 
-12.9013844419 46.985216171 0.000187362205848 
-13.8175047464 48.5602400564 0.000201170915282 
-14.7625032504 50.1179380531 0.000215433167265 
-15.7360598028 51.6577825379 0.000230145432734 
-16.7378245451 53.1792283051 0.000245301009059 
-17.7674511196 54.6817606999 0.000260894935264 
-18.8245800664 56.1648715505 0.000276922432851 
-19.9088388254 57.6280591706 0.000293376719979 
-21.0198596288 59.0708033533 0.000310253962306 
-22.1572413121 60.4926246398 0.000327545776537 
-23.3205958071 61.8930370838 0.000345247745919 
-24.5095112383 63.2715584495 0.0003633528287 
-25.7235816407 64.627727792 0.00038185502769 
-26.9623713319 65.9610665854 0.000400748269325 
-28.2254588408 67.2711296269 0.00042002396021 
-29.5123905828 68.5574633908 0.000439678200362 
-30.8227271833 69.8196476771 0.000459701115666 
-32.1560233637 71.0572409921 0.000480087617223 
-33.5117838285 72.2698185206 0.000500830589154 
-34.8895668063 73.4569693197 0.000521920733291 
-36.2888781025 74.6183083821 0.000543353924151 
-37.7092200262 75.7534201528 0.000565120089838 
-39.1501173966 76.8619344317 0.000587211706488 
-40.6110522154 77.9434699217 0.000609621462139 
-42.0915254928 78.9976601331 0.000632341816416 
-43.5910227374 80.0241543195 0.000655364201556 
-45.1090163524 81.0226082176 0.00067868119984 
-46.6449787397 81.9926775647 0.000702282812536 
-48.1983644024 82.9340431006 0.000726163089201 
-49.7686599481 83.8463938857 0.000750312742376 
-51.3552877675 84.7294023367 0.000774723896193 
-52.957724871 85.5827945487 0.000799387151943 
-54.5753947543 86.4062827482 0.000824292707478 
-56.2077399122 87.1995939664 0.000849433596258 
-57.8541921446 87.962452461 0.000874800017392 
-59.5141867479 88.6946130388 0.000900385296269 
-61.1871352182 89.3958342213 0.000926176735327 
-62.8724680553 90.065889332 0.000952167671272 
-64.5695919491 90.7045554079 0.000978349388411 
-66.2779242956 91.311612258 0.00100471023848 
-67.9968597878 91.8868832135 0.00103124407814 
-69.725813422 92.4301573427 0.00105793969573 
-71.4641726899 92.9412857533 0.00108478801911 
-73.2113584906 93.4200788063 0.0011117786023 
-74.9667428124 93.8664033519 0.00113890341485 
-76.7297262492 94.2801040119 0.00116615282955 
-78.4996997987 94.6610624458 0.00119351759187 
-80.2760437499 95.0091575359 0.00122098752524 
-82.0581491001 95.3242709426 0.00124855155619 
-83.8453948413 95.606330617 0.00127620340796 
-85.6371588662 95.8552247041 0.00130392961961 
-87.4328367771 96.0709052229 0.00133172430053 
-89.2317944638 96.253306612 0.00135957459826 
-91.0334085192 96.4023660846 0.00138747179687 
-92.8370673472 96.5180634378 0.00141540694371 
-94.6421379399 96.6003729215 0.00144336930892 
-96.4480086991 96.6492743338 0.00147134937227 
-98.2540418179 96.6647604413 0.00149933761647 
-100.059626802 96.6468508549 0.00152732351253 
-101.864129346 96.5955688927 0.00155529881205 
-103.666936556 96.5109434243 0.00158325170948 
-105.467420032 96.3930190631 0.00161117317612 
-107.26497038 96.2418552283 0.00163905438837 
-109.058962706 96.0575270853 0.00166688521158 
-110.848776912 95.8400912828 0.00169465565573 
-112.633799909 95.58966557 0.001722354865 
-114.413423407 95.3063491798 0.00174997624981 
-116.187028413 94.9902385719 0.00177750638632 
-117.954007743 94.6414727902 0.00180493753183 
-119.713764912 94.2601936542 0.00183226168581 
-121.465682031 93.8465374346 0.00185946664611 
-123.209166122 93.4006765042 0.00188654435767 
-124.943613501 92.922780459 0.00191348576576 
-126.668441893 92.4130244481 0.00194027993246 
-128.383053518 91.8715993614 0.00196691910821 
-130.086867205 91.2987201592 0.00199339416648 
-131.779299383 90.694611059 0.00201969305758 
-133.459762972 90.0594657287 0.00204581001026 
-135.127696916 89.3935537479 0.0020717336987 
-136.782525944 88.6971113691 0.00209745785858 
-138.423693794 87.9703896549 0.0021229706243 
-140.050634607 87.2136767046 0.00214826476885 
-141.662802824 86.4272263557 0.00217333134479 
-143.259638489 85.6113480014 0.00219815998086 
-144.840607849 84.7663380651 0.00222274508559 
-146.405177158 83.8924929723 0.00224707529452 
-147.952813764 82.9901489575 0.00227114442447 
-149.482987427 82.0596329995 0.0022949428363 
-150.995191702 81.1012683645 0.00231846228033 
-152.488908153 80.1154246184 0.00234169613938 
-153.963633848 79.1024555809 0.00236463437413 
-155.41887655 78.0627178467 0.0023872697075 
-156.854136832 76.9965957911 0.00240959501566 
-158.268936668 75.9044793352 0.00243160247614 
-159.662808738 74.7867611783 0.00245328410341 
-161.035285724 73.6438340177 0.00247463219026 
-162.385890706 72.47612759 0.00249564049751 
-163.714188473 71.2840429171 0.00251630087337 
-165.019721117 70.0680245442 0.00253660607721 
-166.302067634 68.8285068206 0.00255654962523 
-167.560793922 67.5659305809 0.00257612562231 
-168.795484883 66.2807514703 0.00259532503556 
-170.005733727 64.9734371653 0.002614142955 
-171.191138459 63.6444368262 0.00263257326912 
-172.351298192 62.2942394243 0.00265060865219 
-173.485838243 60.9233209615 0.00266824287075 
-174.594379134 59.5321759588 0.00268547099893 
-175.676573494 58.1213072601 0.00270228606985 
-176.732044247 56.6912001298 0.0027186830324 
-177.760471329 55.2423842526 0.00273465633296 
-178.761496674 53.7753597014 0.00275020057522 
-179.734813325 52.2906496772 0.00276531057418 
-180.680090524 50.7887810949 0.0027799798104 
-181.597037925 49.2703012248 0.00279420580435 
-182.485350976 47.7357240102 0.00280798268982 
-183.344745235 46.1856180157 0.0028213042479 
-184.174956569 44.6205175427 0.00283416791844 
-184.97571604 43.0409754122 0.00284656885481 
-185.746760614 41.4475657358 0.00285850342681 
-186.487868971 39.8408339134 0.00286996801105 
-187.198791185 38.2213475752 0.0028809575827 
-187.879307039 36.5896919322 0.00289146719273 
-188.529224924 34.9464299648 0.00290149648053 
-189.148324625 33.2921468857 0.00291104160964 
-189.736433543 31.6274204861 0.00292009720773 
-190.293365972 29.9528350394 0.00292866266226 
-190.818955221 28.2689896312 0.0029367345128 
-191.313050092 26.576467599 0.0029443088853 
-191.775510102 24.8758550574 0.00295138584291 
-192.206200668 23.1677594128 0.00295796111367 
-192.604989604 21.452778812 0.00296403269232 
-192.971792346 19.7315039807 0.002969599313 
-193.306495718 18.004547874 0.00297466003261 
-193.609012754 16.2725104773 0.00297921238091 
-193.879267189 14.5359945485 0.00298325513184 
-194.117204171 12.7956083967 0.0029867865951 
-194.32275814 11.0519575542 0.00298980665555 
-194.495908755 9.30564939322 0.00299231328727 
-194.636601161 7.55729221871 0.00299430771415 
-194.744838824 5.80748969225 0.0029957882882 
-194.820599003 4.05685844302 0.00299675502728 
-194.863898268 2.30599564581 0.0029972076085 
-194.874748389 0.555516992826 0.00299714629271 
-194.853184945 -1.19396553346 0.00299657041725 
-194.799237607 -2.94186124495 0.00299548170162 
-194.712965767 -4.68756187168 0.00299388093508 
-194.594415705 -6.43045265767 0.00299176822637 
-194.443686117 -8.16994478863 0.00298914520241 
-194.260836396 -9.90542999436 0.00298601116744 
-194.045986644 -11.6363139137 0.00298236979215 
-193.799222457 -13.3620012467 0.00297822101142 
-193.520674649 -15.0818948576 0.00297356737144 
-193.210476426 -16.7954068709 0.00296841075306 
-192.868761003 -18.5019494093 0.00296275262069 
-192.495674693 -20.2009410829 0.00295659478455 
-192.091395923 -21.8917921796 0.00294994174783 
-191.656094819 -23.5739250193 0.00294279389696 
-191.1899415 -25.2467619248 0.002935155072 
-190.693145405 -26.9097446725 0.00292702673674 
-190.165911166 -28.5622965225 0.00291841438158 
-189.60844822 -30.2038592519 0.00290931913084 
-189.021000511 -31.8338755766 0.00289974618968 
-188.403777479 -33.4517872755 0.0028896964604 
-187.757059978 -35.0570472612 0.00287917717345 
-187.08107295 -36.6491130581 0.00286818941319 
-186.376110356 -38.2274440643 0.00285673974437 
-185.642434045 -39.791508001 0.00284482756113 
-184.880340383 -41.3407735269 0.00283246326376 
-184.09013053 -42.8747278192 0.00281964767973 
-183.272105648 -44.3928580574 0.00280638657043 
-182.426575203 -45.894639385 0.00279268382401 
-181.553879671 -47.3795784372 0.00277854710249 
-180.654348819 -48.8471846232 0.00276397766166 
-179.728331424 -50.2969525443 0.00274898512816 
-178.776172762 -51.7284073555 0.00273357048974 
-177.798241911 -53.1410779225 0.00271774280969 
-176.794918657 -54.534490337 0.00270150586066 
-175.766561377 -55.9081762402 0.00268486455838 
-174.713580862 -57.2616932145 0.00266782917467 
-173.636353392 -58.5945979041 0.00265040095564 
-172.535308766 -59.906433085 0.00263258857643 
-171.410841169 -61.196780407 0.0026143975454 
-170.263379293 -62.4652224583 0.00259583563823 
-169.093349435 -63.7113325654 0.00257690805269 
-167.901185089 -64.9347118356 0.00255762147477 
-166.687343556 -66.1349650884 0.00253798500937 
-165.45225833 -67.3116934285 0.00251800312306 
-164.19639631 -68.4645387143 0.00249768415357 
-162.920225504 -69.593102988 0.00247703375049 
-161.624206904 -70.6970494015 0.00245606075367 
-160.308826421 -71.7760050021 0.00243477296671 
-158.974571257 -72.82964591 0.00241317614525 
-157.621921415 -73.8576204687 0.00239127919004 
-156.251387906 -74.8596085091 0.00236909004804 
-154.863462732 -75.8353046701 0.00234661489778 
-153.458648596 -76.7844008174 0.00232386392639 
-152.037474412 -77.7066017875 0.00230084259581 
-150.600445288 -78.6016087041 0.00227756067932 
-149.14809973 -79.4691634423 0.00225402682023 
-147.680952445 -80.3090041637 0.00223024804983 
-146.199539543 -81.1208634812 0.00220623088425 
-144.70439363 -81.9045045638 0.00218198772331 
-143.19606872 -82.6596850272 0.00215752364401 
-141.675102217 -83.3861865584 0.0021328497003 
-140.142047031 -84.0838065855 0.0021079728342 
-138.59745127 -84.75232402 0.00208290232928 
-137.041885743 -85.3915612951 0.0020576461079 
-135.475895056 -86.0013278729 0.00203221469297 
-133.900044114 -86.5814674796 0.00200661454019 
-132.314903727 -87.131802548 0.00198085583553 
-130.721032896 -87.6521980965 0.00195494731113 
-129.119022733 -88.1425108194 0.00192889649321 
-127.509423933 -88.6026177707 0.00190271571673 
-125.892821706 -89.0323969357 0.00187640970067 
-124.269784648 -89.4317503702 0.00184999022532 
-122.640905166 -89.8005838391 0.00182346726857 
-121.006754258 -90.1388086555 0.00179684727399 
-119.36791012 -90.4463639107 0.00177014034228 
-117.724959254 -90.7231766621 0.00174335605813 
-116.07847395 -90.9692072919 0.0017165034948 
-114.429047908 -91.1844106348 0.00168959134437 
-112.777268922 -91.3687628166 0.00166262786654 
-111.123692673 -91.5222482875 0.00163562351174 
-109.468935564 -91.6448654007 0.00160858770202 
-107.813558077 -91.7366171239 0.00158152894678 
-106.158146897 -91.7975193936 0.00155445645278 
-104.50328281 -91.8276094359 0.00152737989053 
-102.849554902 -91.8269124474 0.00150030689565 
-101.197527349 -91.7954897204 0.00147324859898 
-99.5477857317 -91.7333970008 0.00144621163393 
-97.9009073276 -91.6407020678 0.00141920652062 
-96.2574552063 -91.5175060238 0.00139224372413 
-94.618009045 -91.3638859043 0.00136532850003 
-92.9831450145 -91.1799492981 0.00133847430693 
-91.3534095745 -90.9658213731 0.00131168669605 
-89.7293944005 -90.7216254603 0.00128497647702 
-88.1116352477 -90.4474895 0.00125835017031 
-86.5007095801 -90.1435701495 0.00123181895854 
-84.8971603531 -89.8100231252 0.00120539094484 
-83.301543625 -89.4470106294 0.00117907485095 
-81.7144012429 -89.0547281906 0.00115287794172 
-80.1362809591 -88.6333500426 0.00112681154618 
-78.5677270229 -88.1830809702 0.00110088172508 
-77.00927298 -87.7041285331 0.0010750981952 
-75.4614547688 -87.1967095494 0.00104946858963 
-73.924781025 -86.661067675 0.00102400228247 
-72.3997900897 -86.0974289854 0.000998706692933 
-70.8869929916 -85.5060463975 0.000973590329725 
-69.3868924612 -84.8871848572 0.000948660955419 
-67.9000126293 -84.2411037644 0.000923926957416 
-66.4268479183 -83.5680800997 0.000899396869983 
-64.9678737402 -82.8684056495 0.000875077536641 
-63.5236131284 -82.1423796196 0.00085097545595 
-62.0945117815 -81.390311379 0.000827101422466 
-60.6810689209 -80.6124964233 0.000803461650992 
-59.2837612535 -79.8092756051 0.000780062539061 
-57.9030285808 -78.9809795817 0.000756912274738 
-56.5393452057 -78.1279399478 0.000734019371563 
-55.1931450244 -77.2505086499 0.000711388403701 
-53.8648881379 -76.3490506066 0.000689028553207 
-52.5549870279 -75.4239233144 0.000666945509293 
-51.2638910944 -74.4754944611 0.000645146937167 
-49.9920224177 -73.5041585799 0.000623639555261 
-48.739776877 -72.5102972295 0.000602428705998 
-47.5075575468 -71.4943197473 0.000581522988295 
-46.2957817152 -70.456602143 0.000560925605624 
-45.104825143 -69.397580593 0.000540645918006 
-43.9350563964 -68.3176634967 0.000520689244796 
-42.7868726487 -67.217281479 0.000501060198646 
-41.6606234577 -66.0968577451 0.000481765222789 
-40.5566631784 -64.9568340187 0.000462811199805 
-39.4753378643 -63.7976640531 0.000444202702893 
-38.4169887713 -62.6197830845 0.00042594491166 
-37.3819405427 -61.4236504162 0.000408043420181 
-36.3705226249 -60.2097438672 0.000390503761702 
-35.383025154 -58.978521803 0.000373330598052 
-34.4197644705 -57.7304555569 0.000356528454232 
-33.4810248064 -56.4660247856 0.000340101482043 
-32.5670951913 -55.1857276626 0.000324055351633 
-31.6782336508 -53.8900308739 0.000308395219031 
-30.8147233112 -52.5794538846 0.000293124108594 
-29.9767900831 -51.2544717021 0.000278245929247 
-29.164706395 -49.9156065654 0.000263766026834 
-28.3786898524 -48.5633455134 0.000249686423409 
-27.6189593636 -47.198224656 0.000236011671666 
-26.8857349366 -45.8207402911 0.000222744870237 
-26.1792199729 -44.4314127844 0.000209889649625 
-25.4996095718 -43.0307745326 0.000197450684953 
-24.8470726247 -41.619344963 0.000185427576091 
-24.2217911269 -40.1976499883 0.00017382726625 
-23.6239256684 -38.766221069 0.00016264949343 
-23.0536285313 -37.3256016979 0.000151896435893 
-22.5110448018 -35.876307593 0.000141573539899 
-21.996297052 -34.4188998273 0.000131679548404 
-21.5094982595 -32.9539024404 0.000122218255076 
-21.0507793001 -31.4818644729 0.000113191190667 
-20.620223438 -30.0033275469 0.00010460167794 
-20.217927041 -28.5188397651 9.64478457286e-05 
-19.8439495668 -27.0289390378 8.8734051725e-05 
-19.4983790782 -25.5341855038 8.14600477899e-05 
-19.1812726348 -24.0351078129 7.46282643442e-05 
-18.8926516784 -22.5322734891 6.82377313446e-05 
-18.6325756686 -21.0262204425 6.22901368015e-05 
-18.4010612466 -19.5174976803 5.67859121787e-05 
-18.1981143546 -18.006656982 5.17246453873e-05 
-18.0237492363 -16.4942380964 4.71087732157e-05 
-17.8779635297 -14.9808048378 4.29359079215e-05 
-17.7607131615 -13.4668923064 3.92076709224e-05 
-17.6719909692 -11.9530458001 3.59232484524e-05 
-17.6117576812 -10.4398189379 3.30811252152e-05 
-17.5799561201 -8.92774033646 3.06802904699e-05 
-17.5765256063 -7.4173691654 2.87232980698e-05 
-17.6013982601 -5.90923681535 2.72058851225e-05 
-17.6544979034 -4.40388671122 2.61283212915e-05 
-17.7357221433 -2.90184930988 2.54886815929e-05 
-17.8449792962 -1.40365229323 2.52866474133e-05 
-17.9821479662 0.0901590756577 2.55202500856e-05 
-18.1471233641 1.57906359753 2.61865443036e-05 
-18.3397471851 3.06252620393 2.72844839895e-05 
-18.5598991355 4.54004143948 2.88124823538e-05 
-18.8074209132 6.01107423451 3.07666902692e-05 
-19.0821470119 7.4751172955 3.31470153156e-05 
-19.3839012221 8.9316605537 3.5948700047e-05 
-19.7125073366 10.3801939408 3.91696237045e-05 
-20.0677784434 11.8202046129 4.28089685904e-05 
-20.4494990263 13.2512019561 4.68613786939e-05 
-20.8574749726 14.6727009035 5.13236971305e-05 
-21.2914741582 16.0841867704 5.61932745455e-05 
-21.7512762652 17.4851874595 6.14678750495e-05 
-22.2366288653 18.8752225496 6.7140484143e-05 
-22.7472985403 20.2538264254 7.32117406912e-05 
-23.2830245558 21.6205066309 7.96742618476e-05 
-23.843536584 22.9748077459 8.65261381868e-05 
-24.4285642931 24.316274349 9.37606431695e-05 
-25.0378242512 25.6444575046 0.000101376194225 
-25.6710223172 26.9589054998 0.0001093672776 
-26.3278643578 28.2591666235 0.00011772963161 
-27.0080359315 29.5448234254 0.000126457115506 
-27.7112166967 30.8154371612 0.000135546811126 
-28.4370898102 32.0705996383 0.000144993492507 
-29.1853218274 33.3098785975 0.000154789662627 
-29.9555721021 34.5328695553 0.000164933211074 
-30.747495188 35.7391865472 0.000175417304984 
-31.5607266299 36.9284287972 0.00018623738131 
-32.3949209841 38.1002103404 0.000197386346024 
-33.2496875909 39.2541433717 0.000208858143097 
-34.1246738029 40.3898696992 0.000220650124984 
-35.0194710583 41.5070265202 0.000232754054053 
-35.933702903 42.6052593542 0.000245163122621 
-36.8669714818 43.6842081703 0.00025787235678 
-37.8188693312 44.7435499737 0.000270876414451 
-38.7889937938 45.7829432526 0.000284168802853 
-39.7769243065 46.8020714958 0.000297740391233 
-40.7822486121 47.8006302256 0.000311587484333 
-41.8045223403 48.7783066407 0.000325702748338 
-42.8433332314 49.7347962625 0.000340078605436 
-43.8982380238 50.6698261 0.000354708899497 
-44.9687851428 51.5831111268 0.000369587984267 
-46.054528928 52.4743876115 0.000384707125555 
-47.1550130079 53.3433890455 0.000400058869548 
-48.2698000216 54.1898637266 0.000415639349828 
-49.3984132984 55.0135794103 0.000431437120536 
-50.5403892675 55.8142973629 0.000447448679637 
-51.6952595608 56.5917973719 0.000463663372148 
-52.8625427068 57.3458657067 0.000480076510136 
-54.0417655384 58.0763006709 0.000496679357525 
-55.232463189 58.782912601 0.000513464636409 
-56.4341255805 59.4655099945 0.000530425428693 
-57.6462747435 60.1239096725 0.000547553003518 
-58.8684314156 60.7579775255 0.000564840138473 
-60.1000962189 61.3675248235 0.000582279396351 
-61.3407636852 61.952430427 0.000599863190772 
-62.5899545471 62.5125602242 0.000617583203201 
-63.847146726 63.0477690083 0.000635431939408 
-65.1118620637 63.5579624783 0.000653400367455 
-66.3835819801 64.0430259765 0.000671484102902 
-67.6618021134 64.5028781732 0.000689670963389 
-68.9460335946 64.9374219909 0.000707955800429 
-70.2357482512 65.3465798117 0.000726329746676 
-71.5304428182 65.7303101125 0.00074478352083 
-72.8296129273 66.0885315625 0.000763312660268 
-74.1327505122 66.4212211571 0.000781906353794 
-75.4393392092 66.7283438623 0.000800556932148 
-76.7488733514 67.0098674149 0.000819256812967 
-78.0608507804 67.265790105 0.000837998281725 
-79.374750326 67.4960954135 0.000856773690771 
-80.6900733311 67.700812182 0.000875572940132 
-82.0062962297 67.8799331509 0.00089439067682 
-83.3229369696 68.0335112283 0.000913217275667 
-84.6394671858 68.1615576747 0.000932045670353 
-85.9553893219 68.2641411401 0.000950866810072 
-87.2702082283 68.341321019 0.000969674244836 
-88.5834180432 68.3931539287 0.000988458744537 
-89.8945164171 68.4197270413 0.00100721340563 
-91.2030033957 68.4211182671 0.00102592960838 
-92.5083932338 68.3974388451 0.0010446008739 
-93.8101835758 68.3487759442 0.00106321802332 
-95.1078921803 68.2752713563 0.00108177288771 
-96.4010309018 68.1770455759 0.00110026052614 
-97.6891198974 68.0542311361 0.001118670987 
-98.9716769249 67.9069698261 0.00113699667988 
-100.248212541 67.7354312135 0.00115523040055 
-101.518276616 67.5397654125 0.00117336520464 
-102.781374907 67.320160509 0.00119139374882 
-104.037060787 67.0767971683 0.00120930764331 
-105.284861419 66.8098690257 0.00122710174399 
-106.524327777 66.5195660073 0.001244765606 
-107.755011939 66.2061178491 0.00126229472839 
-108.97644697 65.86973948 0.00127968043316 
-110.18821946 65.5106597007 0.00129691723308 
-111.38986838 65.1291147327 0.00131399667097 
-112.580964814 64.7253491208 0.00133091274348 
-113.761088152 64.2996194458 0.00134765887015 
-114.929826082 63.8521943184 0.00136422763683 
-116.086744886 63.3833368031 0.00138061234455 
-117.231448869 62.893339581 0.00139680776241 
-118.363525718 62.3824712652 0.0014128054916 
-119.482583237 61.8510550877 0.0014286015756 
-120.588230522 61.2993652114 0.00144418814087 
-121.680086085 60.7277276447 0.00145955862634 
-122.757768428 60.1364683936 0.00147470921815 
-123.820900857 59.5258949483 0.00148963216465 
-124.869139898 58.8963629334 0.00150432184361 
-125.902106453 58.2481890978 0.00151877336495 
-126.919476054 57.5817438733 0.00153298041077 
-127.920875512 56.8973653036 0.00154693737728 
-128.906004161 56.1954201094 0.00156064013729 
-129.874513725 55.4762824352 0.00157408210632 
-130.826095238 54.7403069699 0.00158725866115 
-131.760427731 53.9878946992 0.00160016484703 
-132.677218847 53.2194243796 0.00161279639938 
-133.576176228 52.4352747689 0.00162514715638 
-134.457008616 51.6358644343 0.00163721351309 
-135.319440261 50.8215961996 0.00164899234698 
-136.163189508 49.9928515989 0.00166047612655 
-136.988016223 49.1500723295 0.00167166336644 
-137.793652957 48.2936732521 0.00168254844228 
-138.579869175 47.4240590294 0.00169312760506 
-139.346422342 46.5416806203 0.00170339798168 
-140.093087825 45.6469639815 0.00171335536507 
-140.819651698 44.7403378448 0.00172299454603 
-141.525895233 43.8222494583 0.00173231554307 
-142.211644916 42.8931479105 0.00174131318201 
-142.876695125 41.953473965 0.00174998454604 
-143.520869948 41.0036859709 0.00175832613792 
-144.143993472 40.0442422745 0.00176633654041 
-144.745924299 39.0756002871 0.00177401072501 
-145.326486514 38.0982183554 0.00178134958276 
-145.885557726 37.1125686992 0.00178834717779 
-146.423007239 36.1191115039 0.0017950048707 
-146.938701957 35.118316215 0.00180131767834 
-147.432538494 34.1106698591 0.00180728451467 
-147.904409964 33.096628912 0.00181290523813 
-148.354223684 32.0766831738 0.00181817533478 
-148.781904877 31.0512974443 0.00182309608213 
-149.187382273 30.0209670726 0.00182766552754 
-149.570578694 28.986166117 0.00183188107991 
-149.931459779 27.9473797311 0.00183574456975 
-150.269980463 26.9050902957 0.00183925261703 
-150.586095682 25.8597801914 0.00184240582458 
-150.879784178 24.8119280873 0.0018452021193 
-151.151054407 23.7620302352 0.00184764397056 
-151.39988511 22.7105653049 0.0018497289102 
-151.626287144 21.6580202882 0.00185145824254 
-151.830284466 20.6048756933 0.0018528305641 
-152.01190934 19.5516240597 0.0018538480157 
-152.171188125 18.4987366359 0.00185451008687 
-152.308163786 17.446708737 0.00185481674198 
-152.422916202 16.3960254813 0.00185476987654 
-152.51549554 15.347154406 0.00185437083201 
-152.585992381 14.3005834048 0.00185361949988 
-152.634478302 13.2567855616 0.00185251731318 
-152.661070088 12.2162358006 0.00185106571206 
-152.665860726 11.1794127546 0.00184926723885 
-152.648977706 10.1467941204 0.00184712289297 
-152.610540221 9.11884556149 0.00184463387309 
-152.550691266 8.09602903044 0.00184180294605 
-152.469584544 7.07880925417 0.00183863103612 
-152.367360652 6.06765744184 0.0018351236273 
-152.244186395 5.06303183586 0.00183127990969 
-152.100254785 4.06537770762 0.00182710390945 
-151.935730229 3.07516255634 0.00182259817362 
-151.750818844 2.09282516886 0.0018177654003 
-151.545724345 1.11881358817 0.00181260935281 
-151.320652847 0.153566600794 0.00180713202832 
-151.075831879 -0.802471460424 0.00180133865861 
-150.811493759 -1.74887478091 0.00179523113201 
-150.52787912 -2.68520551153 0.00178881359691 
-150.225220285 -3.61103783773 0.00178208997221 
-149.903799589 -4.52596262781 0.00177506504094 
-149.56387077 -5.42954851703 0.00176773990484 
-149.205718561 -6.32139563273 0.00176012245347 
-148.829614602 -7.20109761532 0.00175221453524 
-148.435854329 -8.06825181906 0.0017440225029 
-148.024733192 -8.92245559391 0.00173554863851 
-147.596585941 -9.76332574833 0.0017267998274 
-147.151702114 -10.5904809283 0.00171777887017 
-146.690414065 -11.4035286826 0.00170849336701 
-146.213061349 -12.2021043374 0.00169894584275 
-145.719981116 -12.9858339607 0.00168914398096 
-145.211526025 -13.7543593643 0.0016790921545 
-144.688048733 -14.5073223596 0.00166879420224 
-144.149917397 -15.2443805056 0.00165825776581 
-143.597495382 -15.9651728375 0.00164748819021 
-143.031166346 -16.6693726587 0.00163649090165 
-142.451313958 -17.3566532696 0.00162527241761 
-141.858340884 -18.026673164 0.00161383783013 
-141.252635591 -18.6791241613 0.00160219469114 
-140.63461625 -19.3136805015 0.00159034871451 
-140.004686829 -19.9300497471 0.00157830505879 
-139.363270303 -20.5279246559 0.00156607261974 
-138.710805145 -21.1070137287 0.00155365588632 
-138.047706028 -21.6670217572 0.00154106313033 
-137.374424532 -22.2076637268 0.00152830033832 
-136.691395627 -22.7286786913 0.00151537411188 
-135.999094706 -23.2297853474 0.00150229280139 
-135.297956735 -23.7107227498 0.00148906171789 
-134.588451201 -24.171230888 0.00147569024238 
-133.87106069 -24.6110562372 0.00146218395249 
-133.14624878 -25.0299600806 0.00144855114052 
-132.414489754 -25.4277009265 0.00143479895711 
-131.676292408 -25.8040382202 0.00142093504602 
-130.932133418 -26.1587397303 0.00140696686073 
-130.182513278 -26.4915769354 0.00139290137093 
-129.427937275 -26.8023398323 0.00137874810491 
-128.668919002 -27.0908063851 0.0013645151458 
-127.905961348 -27.3567573315 0.0013502068072 
-127.139595807 -27.5999956394 0.00133583681368 
-126.370335971 -27.8202992714 0.00132141060078 
-125.598713336 -28.017471196 0.00130693397822 
-124.825270098 -28.1913116053 0.00129241986783 
-124.050559163 -28.3416179179 0.00127787365354 
-123.275096522 -28.4681773567 0.00126330511768 
-122.499450576 -28.5708030852 0.00124872180606 
-121.724182534 -28.6492804879 0.00123413345862 
-120.949847697 -28.7034162425 0.00121954775354 
-120.177028677 -28.7329901863 0.0012049757847 
-119.406284278 -28.737778445 0.00119042331212 
-118.638201917 -28.7175793728 0.00117590265381 
-117.87338081 -28.6721487419 0.00116142071725 
-117.11239877 -28.6012478686 0.00114698704998 
-116.355874028 -28.5046177165 0.00113261283688 
-115.604422406 -28.3819899888 0.00111830586642 
-114.858644236 -28.2330806439 0.00110407632667 
-114.119186156 -28.0575639938 0.00108993250846 
-113.386679306 -27.8550986051 0.00107588781591 
-112.661782142 -27.6253162037 0.00106194863472 
-111.945151816 -27.367799447 0.00104812876528 
-111.237470399 -27.0820948904 0.00103443625495 
-110.539424569 -26.7676787288 0.00102088249857 
-109.851734216 -26.4239790246 0.00100747751578 
-109.175119047 -26.0503349577 0.00099423355622 
-108.510322376 -25.6460005423 0.0009811635463 
-107.858127751 -25.2101205532 0.00096827669833 
-107.219336235 -24.7416870107 0.000955587835868 
-106.594779522 -24.2395456612 0.000943107083735 
-105.985340041 -23.7023413627 0.000930849654274 
-105.391910354 -23.1284495597 0.000918829414836 
-104.815494288 -22.515969832 0.000907060314574 
-104.257097118 -21.86256662 0.000895558542013 
-103.717825407 -21.165413704 0.000884338997366 
-103.198899722 -20.4210229325 0.000873422254571 
-102.701624361 -19.6249951601 0.000862825606625 
-102.227453394 -18.7717462258 0.000852571242689 
-101.77804895 -17.8539385104 0.000842681705613 
-101.355298698 -16.8617550896 0.000833187509812 
-100.961444946 -15.7815026955 0.000824114677783 
-100.599217723 -14.5933045941 0.000815504686656 
-100.272070885 -13.2663261435 0.000807400505735 
-99.9846725023 -11.7482825201 0.000799861935214 
-99.7439556278 -9.9365707275 0.000792966871614 
-99.5621339375 -7.5650915029 0.000786830934658 
