Nr Etime Raw dBm dBmW/m2 sum:dBmW/m2 loop X Y Z 
1 0 -112.468513489 -109.893798828 -72.1950073242 -69.7237295752 1 3885.07251839 2707.77522964 -185.311819225 17.642800833 59.857007333 
2 0.0452690124512 -112.268508911 -109.69379425 -71.9949951172 -69.3596324714 2 3885.07243156 2707.77516912 -185.170231091 17.642800833 59.857007333 
3 0.112144947052 -110.748809814 -108.174095154 -70.4752960205 -69.0255473487 3 3885.07243156 2707.77516912 -185.170231091 17.642800833 59.857007333 
4 0.297298908234 -111.104789734 -108.530075073 -70.8312835693 -68.6241600239 1 3885.07244162 2707.77517613 -185.186638628 17.642800833 59.857007333 
5 0.45410990715 -113.587417603 -111.012702942 -73.3139038086 -68.8442686418 2 3885.07244162 2707.77517613 -185.186638628 17.642800833 59.857007333 
6 0.60648393631 -112.101882935 -109.527168274 -71.8283691406 -69.3804717985 3 3885.95043461 2706.75682474 -184.95027172 17.642808833 59.856997333 
7 0.756404876709 -111.518981934 -108.944267273 -71.2454681396 -69.5829419237 1 3885.95043461 2706.75682474 -184.95027172 17.642808833 59.856997333 
8 0.913589000702 -112.028564453 -109.453849792 -71.7550506592 -69.2081693203 2 3885.95058828 2706.75693178 -185.200820102 17.642808833 59.856997333 
9 1.09980797768 -111.718704224 -109.143989563 -71.4451904297 -69.0862715399 3 3885.95058828 2706.75693178 -185.200820102 17.642808833 59.856997333 
10 1.25818991661 -111.244773865 -108.670059204 -70.9712677002 -68.9807496765 1 3885.95029343 2706.7567264 -184.720099165 17.642808833 59.856997333 
11 1.41232395172 -110.941314697 -108.366600037 -70.6678009033 -68.6192792098 2 3885.95029343 2706.7567264 -184.720099165 17.642808833 59.856997333 
12 1.56920695305 -112.18535614 -109.610641479 -71.9118499756 -68.73668098 3 3885.62930518 2706.84013597 -184.893488971 17.642808833 59.857000333 
13 1.74987602234 -112.804046631 -110.22933197 -72.5305328369 -69.1757515291 1 3885.6293233 2706.84014859 -184.923021562 17.642808833 59.857000333 
14 1.90934491158 -112.222007751 -109.647293091 -71.9485015869 -69.726791888 2 3885.6293233 2706.84014859 -184.923021562 17.642808833 59.857000333 
15 2.06121182442 -111.620697021 -109.045982361 -71.3471832275 -69.5029733149 3 3885.62939504 2706.84019856 -185.039992392 17.642808833 59.857000333 
16 2.21962594986 -109.230926514 -106.656211853 -68.9574127197 -67.9573810829 1 3885.62939504 2706.84019856 -185.039992392 17.642808833 59.857000333 
17 2.38107299805 -111.624382019 -109.049667358 -71.3508758545 -67.8505708812 2 3885.62942996 2706.84022289 -185.096937001 17.642808833 59.857000333 
18 2.52539801598 -112.775299072 -110.200584412 -72.5017852783 -68.0373362352 3 3885.66799102 2706.40204711 -185.097100544 17.642813167 59.856999 
19 2.68202495575 -111.612541199 -109.037826538 -71.3390350342 -69.2809716765 1 3885.6679597 2706.4020253 -185.046040745 17.642813167 59.856999 
20 2.83314394951 -112.371528625 -109.796813965 -72.0980224609 -69.5394612754 2 3885.6679597 2706.4020253 -185.046040745 17.642813167 59.856999 
21 3.02628588676 -110.651649475 -108.076934814 -70.3781433105 -68.7718639156 3 3885.66789861 2706.40198275 -184.946434955 17.642813167 59.856999 
22 3.17948698997 -110.237281799 -107.662567139 -69.9637756348 -68.2511501252 1 3885.66792034 2706.40199788 -184.981854661 17.642813167 59.856999 
23 3.33502101898 -111.797042847 -109.222328186 -71.5235290527 -68.1420880107 2 3885.66792034 2706.40199788 -184.981854661 17.642813167 59.856999 
24 3.4910299778 -113.686279297 -111.111564636 -73.4127655029 -68.8219629558 3 3885.66800658 2706.40205795 -185.12248304 17.642813167 59.856999 
25 3.67996191978 -112.705871582 -110.131156921 -72.4323577881 -69.9363951692 1 3885.93131302 2705.36229137 -185.122765622 17.642823 59.856994333 
