Nr Etime Raw dBm dBmW/m2 sum:dBmW/m2 loop X Y Z 
1 0.00135397911072 -61.1936302185 -60.8129730225 -21.3029785156 -18.3856663724 1 5303711.83536 -1378020.00277 3154580.08739 0.0 0.0 
2 0.860253810883 -60.5175018311 -60.136844635 -20.6268463135 -18.3865558608 1 5303712.13859 -1378020.08155 3154579.90547 0.0 0.0 
3 3.01537489891 -60.4251785278 -60.0445213318 -20.5345230103 -18.4098461892 1 5303712.03039 -1378020.05344 3154579.97039 0.0 0.0 
4 5.20042395592 -60.3335609436 -59.9529037476 -20.4429016113 -18.1478524713 1 5303712.06018 -1378020.06118 3154579.95251 0.0 0.0 
5 7.35453701019 -60.7753677368 -60.3947105408 -20.8847122192 -18.2269104175 1 5303712.03775 -1378020.05535 3154579.96597 0.0 0.0 
6 9.50570583344 -60.5742263794 -60.1935691833 -20.6835708618 -18.2772615275 1 5303712.04434 -1378020.05707 3154579.96202 0.0 0.0 
7 11.6576058865 -60.4760284424 -60.0953712463 -20.5853729248 -18.3287330674 1 5303712.10185 -1378020.07201 3154579.92751 0.0 0.0 
8 13.8425049782 -60.2487411499 -59.8680839539 -20.3580856323 -18.1524206616 1 5303711.99507 -1378020.04426 3154579.99158 0.0 0.0 
9 15.9973537922 -60.7923965454 -60.4117393494 -20.9017410278 -18.218108225 1 5303711.88665 -1378020.01609 3154580.05662 0.0 0.0 
10 18.1511158943 -60.4984588623 -60.1178016663 -20.6078033447 -18.2256226297 1 5303711.89059 -1378020.01712 3154580.05426 0.0 0.0 
11 20.335960865 -60.3800888062 -59.9994316101 -20.4894332886 -18.2738928462 1 5303711.80664 -1378019.9953 3154580.10463 0.0 0.0 
12 22.5223238468 -60.2853507996 -59.9046936035 -20.3946990967 -18.1099591935 1 5303711.74538 -1378019.97939 3154580.14138 0.0 0.0 
13 24.6612918377 -61.1499214172 -60.7692642212 -21.259262085 -18.2958492163 1 5303711.97409 -1378020.03881 3154580.00416 0.0 0.0 
14 26.8150107861 -60.4584503174 -60.0777931213 -20.5677947998 -18.3240584489 1 5303711.76074 -1378019.98338 3154580.13217 0.0 0.0 
15 28.9686038494 -60.3316802979 -59.9510231018 -20.4410247803 -18.3417938784 1 5303711.93467 -1378020.02857 3154580.02781 0.0 0.0 
16 31.1547448635 -60.2555389404 -59.8748817444 -20.3648834229 -18.070688258 1 5303711.93884 -1378020.02965 3154580.02531 0.0 0.0 
17 33.312458992 -61.094619751 -60.7139625549 -21.2039642334 -18.2527267636 1 5303711.75252 -1378019.98124 3154580.1371 0.0 0.0 
18 35.466573 -60.4137802124 -60.0331230164 -20.5231246948 -18.2823380133 1 5303711.89626 -1378020.01859 3154580.05086 0.0 0.0 
19 37.6526589394 -60.2747612 -59.8941040039 -20.3841094971 -18.2896864504 1 5303711.83165 -1378020.0018 3154580.08962 0.0 0.0 
20 39.8364479542 -60.2861099243 -59.9054527283 -20.3954544067 -18.0477147291 1 5303711.96677 -1378020.03691 3154580.00855 0.0 0.0 
