Nr Etime Raw dBm dBmW/m2 sum:dBmW/m2 loop X Y Z 
1 0.000519037246704 -61.2063217163 -60.8256645203 -21.3156661987 -19.0708654704 1 -22.7751300821 7.77848286453 -70.9425224711 17.642535667 59.857237667 
2 0.0812990665436 -61.2063217163 -60.8256645203 -21.3156661987 -19.0708654704 2 -22.7751304101 7.77848297654 -71.0337668492 17.642535667 59.857237667 
3 0.368978023529 -61.1733665466 -60.7927093506 -21.2827148438 -18.9819009649 3 -22.7751300876 7.7784828664 -70.9440439834 17.642535667 59.857237667 
4 0.62081694603 -61.4074478149 -61.0267906189 -21.5167922974 -18.9836799082 1 -22.7751288751 7.77848245228 -70.6066860089 17.642535667 59.857237667 
5 0.871135950089 -61.3389320374 -60.9582748413 -21.4482727051 -19.0280823737 2 -22.6061014642 7.91579450414 -70.6066864447 17.642533833 59.8572365 
6 1.12346696854 -61.0941581726 -60.7135009766 -21.2035064697 -18.9997065261 3 -22.6061028605 7.91579499308 -70.9980857303 17.642533833 59.8572365 
7 1.40585494041 -61.2044143677 -60.8237571716 -21.3137588501 -18.9339379398 1 -22.6061030269 7.91579505133 -71.0447161392 17.642533833 59.8572365 
8 1.6608080864 -61.4460983276 -61.0654411316 -21.5554428101 -18.9670388284 2 -22.6061028066 7.9157949742 -70.9829742833 17.642533833 59.8572365 
9 1.91323399544 -61.3464736938 -60.9658164978 -21.4558181763 -19.0537956802 3 -22.5209521612 7.87716852339 -70.6160970305 17.642534 59.857235667 
10 2.16488099098 -61.0075683594 -60.6269111633 -21.1169128418 -18.9822160183 1 -22.5209534799 7.87716898463 -70.9871332623 17.642534 59.857235667 
11 2.44885993004 -61.0689697266 -60.6883125305 -21.178314209 -18.8598095134 2 -22.5209535884 7.87716902257 -71.0176479322 17.642534 59.857235667 
12 2.70417404175 -61.3373908997 -60.9567337036 -21.4467315674 -18.857056339 3 -22.3978693737 7.91109947902 -70.9253908473 17.642533333 59.857234667 
13 2.95409607887 -61.193397522 -60.8127403259 -21.3027420044 -18.9208915131 1 -22.3978696675 7.91109958281 -71.0085197043 17.642533333 59.857234667 
14 3.20464897156 -61.0448417664 -60.6641845703 -21.1541900635 -18.9123304901 2 -22.3978684337 7.91109914702 -70.6594649925 17.642533333 59.857234667 
15 3.48917198181 -61.0523872375 -60.6717300415 -21.1617279053 -18.8195469631 3 -22.3978684337 7.91109914702 -70.6594649925 17.642533333 59.857234667 
16 3.74860191345 -61.6539878845 -61.2733306885 -21.7633361816 -18.9560079457 1 -22.2965700096 7.93418773389 -70.6559209972 17.642532833 59.857233833 
17 4.00067710876 -61.2292709351 -60.848613739 -21.3386154175 -19.0212274989 2 -22.29657055 7.93418792621 -70.8095161746 17.642532833 59.857233833 
18 4.25435996056 -61.0544433594 -60.6737861633 -21.1637878418 -19.0219959649 3 -22.296570977 7.93418807817 -70.9308778443 17.642532833 59.857233833 
19 4.53772497177 -60.9983062744 -60.6176490784 -21.1076507568 -18.8155363385 1 -22.2965710213 7.93418809393 -70.9434659144 17.642532833 59.857233833 
20 4.79140400887 -61.4941177368 -61.1134605408 -21.6034622192 -18.8949845245 2 -21.9296326209 7.95406918185 -70.8266611055 17.642531667 59.857230667 
21 5.04487705231 -61.1197052002 -60.7390480042 -21.2290496826 -18.9177177025 3 -21.9296332157 7.95406939759 -70.9985293203 17.642531667 59.857230667 
22 5.29707598686 -61.0640640259 -60.6834068298 -21.1734085083 -18.9414737729 1 -21.9296325153 7.95406914354 -70.7961424057 17.642531667 59.857230667 
23 5.57959008217 -61.0802879333 -60.6996307373 -21.1896362305 -18.8116330548 2 -21.9296330992 7.95406935533 -70.9648636616 17.642531667 59.857230667 
24 5.83295297623 -61.6392669678 -61.2586097717 -21.7486114502 -18.9689854523 3 -21.8716640363 8.10373448316 -70.961328451 17.64253 59.8572305 
25 6.08652997017 -61.2354431152 -60.8547859192 -21.3447875977 -19.0295318898 1 -21.8716640363 8.10373448316 -70.961328451 17.64253 59.8572305 
26 6.34121394157 -61.0609130859 -60.6802558899 -21.1702575684 -19.0223452915 2 -21.871664104 8.10373450824 -70.980932978 17.64253 59.8572305 
27 6.62546610832 -61.053730011 -60.6730728149 -21.1630706787 -18.8388219231 3 -21.8716628434 8.10373404116 -70.615708441 17.64253 59.8572305 
28 6.87607502937 -61.4820365906 -61.1013793945 -21.5913848877 -18.9136089059 1 -21.7758914685 8.32589139709 -70.944075422 17.6425275 59.857230167 
29 7.13404798508 -61.0800056458 -60.6993484497 -21.1893463135 -18.9203419786 2 -21.775891524 8.32589141828 -70.960209561 17.6425275 59.857230167 
30 7.38593101501 -61.1091499329 -60.7284927368 -21.2184906006 -18.9399099268 3 -21.775890915 8.32589118544 -70.7829973076 17.6425275 59.857230167 
31 7.66935300827 -61.067237854 -60.686580658 -21.1765823364 -18.8091293942 1 -21.9756830666 8.50952365987 -70.6482506839 17.642526167 59.857232333 
32 7.92155098915 -61.6378593445 -61.2572021484 -21.7472076416 -18.9800810909 2 -21.9756833878 8.50952378426 -70.7408767301 17.642526167 59.857232333 
33 8.17242503166 -61.2569503784 -60.8762931824 -21.3662948608 -19.0316580756 3 -21.9756842056 8.50952410091 -70.9766758258 17.642526167 59.857232333 
34 8.42595005035 -61.0959396362 -60.7152824402 -21.2052841187 -19.042302471 1 -21.9756841204 8.50952406794 -70.9521187862 17.642526167 59.857232333 
35 8.71074414253 -61.0257110596 -60.6450538635 -21.135055542 -18.847795671 2 -21.4826180176 8.94140681501 -71.4191423713 17.6425205 59.857229 
36 8.96450710297 -61.2694206238 -60.8887634277 -21.3787689209 -18.8516991466 3 -21.4826180176 8.94140681501 -71.4191423713 17.6425205 59.857229 
37 9.21749711037 -61.2351799011 -60.8545227051 -21.3445281982 -18.8978110203 1 -21.4826160797 8.94140600845 -70.8475423127 17.6425205 59.857229 
38 9.46778392792 -61.0853462219 -60.7046890259 -21.1946868896 -18.9189062396 2 -21.4826165425 8.94140620105 -70.9840355597 17.6425205 59.857229 
39 9.75146913528 -61.0904541016 -60.7097969055 -21.199798584 -18.859629096 3 -20.7630081102 9.51206055699 -71.0180882259 17.642512833 59.857224 
40 9.99186706543 -61.4779930115 -61.0973358154 -21.5873413086 -18.9340435731 1 -20.7630076434 9.51206034313 -70.8756246497 17.642512833 59.857224 
41 10.2453200817 -61.2405319214 -60.8598747253 -21.3498764038 -18.987580055 2 -20.7630081412 9.51206057121 -71.0275627191 17.642512833 59.857224 
42 10.4969100952 -61.077091217 -60.696434021 -21.1864318848 -18.9827446351 3 -20.7630076077 9.51206032679 -70.8647384145 17.642512833 59.857224 
43 10.7832229137 -61.0434799194 -60.6628227234 -21.1528244019 -18.8424133009 1 -21.036702135 10.2912900487 -71.1465268129 17.642505667 59.857228167 
44 11.0375859737 -61.4048614502 -61.0242042542 -21.5142059326 -18.8928712611 2 -21.0367013836 10.2912896811 -70.9201944933 17.642505667 59.857228167 
45 11.2873520851 -61.1527175903 -60.7720603943 -21.2620620728 -18.9188752391 3 -21.0367017494 10.29128986 -71.0303779551 17.642505667 59.857228167 
46 11.538490057 -61.0870094299 -60.7063522339 -21.1963500977 -18.9343333166 1 -21.0367017494 10.29128986 -71.0303779551 17.642505667 59.857228167 
47 11.8235440254 -61.0502510071 -60.669593811 -21.1595916748 -18.8199822321 2 -21.7367904278 10.3085604327 -70.9166719466 17.642507333 59.857234333 
48 12.0760860443 -61.6114006042 -61.2307434082 -21.7207489014 -18.9586025945 3 -21.7367904278 10.3085604327 -70.9166719466 17.642507333 59.857234333 
49 12.3617939949 -61.1339683533 -60.7533111572 -21.2433166504 -18.9752449258 1 -21.7367901522 10.308560302 -70.8363297188 17.642507333 59.857234333 
50 12.6139371395 -61.03723526 -60.656578064 -21.1465759277 -18.9704759514 2 -21.7367898115 10.3085601405 -70.7370167942 17.642507333 59.857234333 
51 12.9002671242 -61.0343437195 -60.6536865234 -21.1436920166 -18.7917641831 3 -21.6089585282 10.6541099259 -71.1226529393 17.6425035 59.857234 
52 13.1387319565 -61.3861885071 -61.005531311 -21.4955291748 -18.8701603857 1 -21.6089582147 10.6541097713 -71.03069834 17.6425035 59.857234 
53 13.3909881115 -61.1692695618 -60.7886123657 -21.2786102295 -18.9155332842 2 -21.6089577576 10.6541095459 -70.8966774087 17.6425035 59.857234 
54 13.6439981461 -61.0392112732 -60.6585540771 -21.1485595703 -18.9172765623 3 -21.3227197914 10.8761871743 -70.5609069424 17.6425005 59.857232 
55 13.9288721085 -61.0153999329 -60.6347427368 -21.1247406006 -18.7973180446 1 -21.3227201597 10.8761873622 -70.6703574395 17.6425005 59.857232 
56 14.178579092 -61.2999687195 -60.9193115234 -21.4093170166 -18.8381605556 2 -21.3227206745 10.8761876247 -70.8233434271 17.6425005 59.857232 
57 14.43095994 -61.1908073425 -60.8101501465 -21.3001556396 -18.8892862548 3 -21.3227207914 10.8761876843 -70.8580706179 17.6425005 59.857232 
58 14.6897311211 -61.037651062 -60.656993866 -21.1469955444 -18.8972095188 1 -20.9053910558 11.1630213141 -70.858071509 17.6424965 59.857229 
59 14.9735929966 -60.9897613525 -60.6091041565 -21.099105835 -18.7947988992 2 -20.9053903601 11.1630209425 -70.6471848021 17.6424965 59.857229 
60 15.2254281044 -61.3322029114 -60.9515457153 -21.4415435791 -18.8384136212 3 -20.9053910674 11.1630213202 -70.8615826067 17.6424965 59.857229 
61 15.4787609577 -61.2086486816 -60.8279914856 -21.3179931641 -18.8959613502 1 -20.9053907629 11.1630211577 -70.7693025271 17.6424965 59.857229 
62 15.7303071022 -61.0398597717 -60.6592025757 -21.1492004395 -18.9139900267 2 -20.362605018 10.9066748943 -71.0208912371 17.642497667 59.857223667 
63 16.0142591 -61.0427055359 -60.6620483398 -21.152053833 -18.8193884209 3 -20.362605328 10.9066750604 -71.1173784791 17.642497667 59.857223667 
64 16.2649760246 -61.7710075378 -61.3903503418 -21.880355835 -18.9821090861 1 -20.3626045489 10.9066746431 -70.8749277866 17.642497667 59.857223667 
65 16.5164151192 -61.1620941162 -60.7814369202 -21.2714385986 -19.0263720852 2 -20.362604576 10.9066746576 -70.8833447486 17.642497667 59.857223667 
66 16.7692949772 -61.0045814514 -60.6239242554 -21.1139221191 -19.0119666168 3 -19.949592442 11.0300022615 -71.0486144668 17.642495333 59.857220333 
67 17.0534279346 -61.0283470154 -60.6476898193 -21.1376953125 -18.7876466012 1 -19.9495922387 11.0300021491 -70.9840372802 17.642495333 59.857220333 
68 17.3043930531 -61.3828201294 -61.0021629333 -21.4921646118 -18.8555643917 2 -19.9495927436 11.0300024282 -71.1443945796 17.642495333 59.857220333 
69 17.5569441319 -61.1058769226 -60.7252197266 -21.2152252197 -18.8908325112 3 -19.9495927436 11.0300024282 -71.1443945796 17.642495333 59.857220333 
70 17.8110051155 -61.1027946472 -60.7221374512 -21.2121429443 -18.9169943576 1 -19.2454863293 11.0281898452 -70.876681971 17.6424935 59.857214167 
71 18.0949361324 -61.0887832642 -60.7081260681 -21.1981277466 -18.822879607 2 -19.2454864582 11.0281899191 -70.9191337543 17.6424935 59.857214167 
72 18.3515219688 -61.6172332764 -61.2365760803 -21.7265777588 -18.979813942 3 -19.245486276 11.0281898147 -70.8591401019 17.6424935 59.857214167 
73 18.6052761078 -61.0907096863 -60.7100524902 -21.2000579834 -18.9754832693 1 -19.2454861503 11.0281897427 -70.8177399236 17.6424935 59.857214167 
74 18.8909180164 -61.0655021667 -60.6848449707 -21.1748504639 -18.9670907245 2 -19.7528662056 11.9340464798 -70.827225931 17.642485667 59.857220667 
75 19.1775429249 -61.0368232727 -60.6561660767 -21.1461639404 -18.7879728722 3 -19.7528662559 11.9340465102 -70.8433730867 17.642485667 59.857220667 
76 19.4284520149 -61.7102508545 -61.3295936584 -21.8195953369 -18.9731355403 1 -19.7528662745 11.9340465215 -70.8493404089 17.642485667 59.857220667 
77 19.6809461117 -61.11951828 -60.738861084 -21.2288665771 -18.992577169 2 -19.2551356029 11.8706352621 -70.7367057485 17.642485 59.857216167 
78 19.964648962 -61.0339851379 -60.6533279419 -21.1433258057 -18.9915240094 3 -19.2551363216 11.8706357052 -70.9732360465 17.642485 59.857216167 
79 20.2476389408 -61.0546798706 -60.6740226746 -21.164024353 -18.7928278359 1 -19.2551359398 11.8706354698 -70.8475890855 17.642485 59.857216167 
80 20.5115940571 -61.5250663757 -61.1444091797 -21.6344146729 -18.9167779269 2 -19.2551360817 11.8706355573 -70.8942716928 17.642485 59.857216167 
81 20.7617239952 -61.1800880432 -60.7994308472 -21.2894287109 -18.9680568268 3 -18.510074079 12.319357588 -70.8977881042 17.6424785 59.857210667 
82 21.0137879848 -61.0546226501 -60.6739654541 -21.1639709473 -18.9680374002 1 -18.510074079 12.319357588 -70.8977881042 17.6424785 59.857210667 
83 21.2994151115 -61.0476303101 -60.666973114 -21.1569747925 -18.8170047448 2 -18.510074079 12.319357588 -70.8977881042 17.6424785 59.857210667 
84 21.5511960983 -61.5755615234 -61.1949043274 -21.6849060059 -18.9360013023 3 -18.5100748437 12.3193580969 -71.1595713611 17.6424785 59.857210667 
85 21.8051149845 -61.1422653198 -60.7616081238 -21.2516098022 -18.9670087062 1 -18.0335871595 13.2002207188 -70.8798749458 17.642468333 59.8572085 
86 22.0910251141 -61.1227073669 -60.7420501709 -21.2320556641 -18.9940953679 2 -18.033586795 13.200220452 -70.7517798647 17.642468333 59.8572085 
87 22.3748209476 -61.0278015137 -60.6471443176 -21.1371459961 -18.8207527051 3 -18.0335868819 13.2002205156 -70.7823117083 17.642468333 59.8572085 
88 22.6297719479 -61.4637870789 -61.0831298828 -21.573135376 -18.9205760921 1 -18.033586739 13.200220411 -70.7321149711 17.642468333 59.8572085 
89 22.8830730915 -61.1442146301 -60.7635574341 -21.2535552979 -18.9279674782 2 -18.1326196677 13.2588572778 -70.7679262407 17.642468 59.8572095 
90 23.1372690201 -61.0536689758 -60.6730117798 -21.1630096436 -18.9372828776 3 -18.1326200614 13.2588575657 -70.9055196186 17.642468 59.8572095 
91 23.4190850258 -61.0484809875 -60.6678237915 -21.1578216553 -18.8054131286 1 -18.1326203597 13.2588577838 -71.009759175 17.642468 59.8572095 
92 23.6747360229 -61.2850570679 -60.9043998718 -21.3944015503 -18.8500365707 2 -18.1326199038 13.2588574504 -70.8504389569 17.642468 59.8572095 
93 23.9277360439 -61.1682319641 -60.7875747681 -21.2775726318 -18.8888443493 3 -17.5429162329 14.2091206771 -70.9216962731 17.642456833 59.8572065 
94 24.1839549541 -61.0634460449 -60.6827888489 -21.1727905273 -18.8940975356 1 -17.5429162329 14.2091206771 -70.9216962731 17.642456833 59.8572065 
95 24.4695401192 -61.0535774231 -60.6729202271 -21.1629180908 -18.8182045353 2 -17.5429161116 14.2091205789 -70.87787096 17.642456833 59.8572065 
96 24.7202510834 -61.3731040955 -60.9924468994 -21.4824523926 -18.8821302254 3 -18.0412922948 14.7832833631 -70.8778682482 17.642452333 59.857212167 
97 24.9730939865 -61.1537361145 -60.7730789185 -21.2630767822 -18.9131465387 1 -18.0412924018 14.7832834508 -70.9154649487 17.642452333 59.857212167 
98 25.2276010513 -61.0595245361 -60.6788673401 -21.1688690186 -18.9152563634 2 -18.0412927636 14.7832837472 -71.0425271008 17.642452333 59.857212167 
99 25.5128319263 -61.046875 -60.666217804 -21.1562194824 -18.8099281269 3 -18.0412923969 14.7832834468 -70.9137354356 17.642452333 59.857212167 
100 25.766974926 -61.2789535522 -60.8982963562 -21.3882980347 -18.8496059744 1 -18.6023034199 14.8960421617 -70.866359692 17.642452667 59.857217333 
