Nr Etime Raw dBm dBmW/m2 sum:dBmW/m2 loop X Y Z 
1 0.000508069992065 -61.2593688965 -60.8787117004 -21.3687133789 -19.0662349058 3 nan nan nan nan nan 
2 0.147070169449 -61.68019104 -61.299533844 -21.7895355225 -19.1180415315 1 nan nan nan nan nan 
3 0.298693180084 -61.3793106079 -60.9986534119 -21.4886550903 -19.1562449945 2 nan nan nan nan nan 
4 0.451525211334 -61.279750824 -60.8990936279 -21.3890991211 -19.1635821781 3 nan nan nan nan nan 
5 0.636282205582 -61.1850585938 -60.8044013977 -21.2944030762 -19.0036652116 1 nan nan nan nan nan 
6 0.791498184204 -61.6601295471 -61.2794723511 -21.7694702148 -19.0892052647 2 nan nan nan nan nan 
7 0.943698167801 -61.3721389771 -60.991481781 -21.4814834595 -19.1207966895 3 nan nan nan nan nan 
8 1.09909009933 -61.3297615051 -60.9491043091 -21.4391021729 -19.1728623212 1 nan nan nan nan nan 
9 1.28155112267 -61.2212333679 -60.8405761719 -21.330581665 -19.0305154108 2 nan nan nan nan nan 
10 1.43511915207 -62.033870697 -61.653213501 -22.1432189941 -19.2233278541 3 nan nan nan nan nan 
11 1.58724308014 -61.427154541 -61.046497345 -21.5364990234 -19.2579331609 1 nan nan nan nan nan 
12 1.73871302605 -61.2960357666 -60.9153785706 -21.405380249 -19.2864270388 2 nan nan nan nan nan 
13 1.92179107666 -61.2084388733 -60.8277816772 -21.317779541 -19.0324264116 3 nan nan nan nan nan 
14 2.07490420341 -61.7079238892 -61.3272666931 -21.8172683716 -19.1171900345 1 nan nan nan nan nan 
15 2.22540712357 -61.5007820129 -61.1201248169 -21.6101226807 -19.1863984476 2 nan nan nan nan nan 
16 2.37727212906 -61.2788581848 -60.8982009888 -21.3881988525 -19.2125201941 3 nan nan nan nan nan 
17 2.56146121025 -61.2631835938 -60.8825263977 -21.3725280762 -19.0686652596 1 nan nan nan nan nan 
18 2.71158099174 -62.145450592 -61.764793396 -22.2547912598 -19.2490005134 2 nan nan nan nan nan 
19 2.86347603798 -61.4377326965 -61.0570755005 -21.5470733643 -19.3069711594 3 nan nan nan nan nan 
20 3.01859712601 -61.3011703491 -60.9205131531 -21.4105148315 -19.3215655612 1 nan nan nan nan nan 
21 3.20209908485 -61.1986541748 -60.8179969788 -21.3079986572 -19.0340539913 2 nan nan nan nan nan 
22 3.35729002953 -61.9513053894 -61.5706481934 -22.0606536865 -19.1828009237 3 nan nan nan nan nan 
23 3.50789308548 -61.477016449 -61.0963592529 -21.5863647461 -19.2442138616 1 nan nan nan nan nan 
24 3.66113615036 -61.3025627136 -60.9219055176 -21.4119110107 -19.28379723 2 nan nan nan nan nan 
25 3.84381318092 -61.2754402161 -60.89478302 -21.3847808838 -19.0735924618 3 nan nan nan nan nan 
26 3.99942803383 -61.9375038147 -61.5568466187 -22.0468444824 -19.2081179667 1 nan nan nan nan nan 
27 4.15016818047 -61.566860199 -61.1862030029 -21.6762084961 -19.3002375803 2 nan nan nan nan nan 
28 4.33316206932 -61.3079566956 -60.9272994995 -21.4172973633 -19.312630853 3 nan nan nan nan nan 
29 4.48870921135 -61.244720459 -60.8640632629 -21.3540649414 -19.092504519 1 nan nan nan nan nan 
30 4.64061808586 -61.8930091858 -61.5123519897 -22.0023498535 -19.18665889 2 nan nan nan nan nan 
31 4.80487012863 -61.5235748291 -61.1429176331 -21.6329193115 -19.2614130657 3 nan nan nan nan nan 
32 4.95573616028 -61.3417243958 -60.9610671997 -21.4510650635 -19.2979071354 1 nan nan nan nan nan 
33 5.14026904106 -61.2055969238 -60.8249397278 -21.3149414062 -19.0768106564 2 nan nan nan nan nan 
34 5.29443907738 -61.7071113586 -61.3264541626 -21.8164520264 -19.131732916 3 nan nan nan nan nan 
35 5.45136809349 -61.4390220642 -61.0583648682 -21.5483703613 -19.1646837781 1 nan nan nan nan nan 
36 5.60317516327 -61.3389053345 -60.9582481384 -21.4482498169 -19.2132564048 2 nan nan nan nan nan 
37 5.78474998474 -61.2790336609 -60.8983764648 -21.388381958 -19.0750612126 3 nan nan nan nan nan 
38 5.92761301994 -61.8011169434 -61.4204597473 -21.9104614258 -19.1845456398 1 nan nan nan nan nan 
39 6.07850909233 -61.6106834412 -61.2300262451 -21.7200317383 -19.276537993 2 nan nan nan nan nan 
40 6.2323050499 -61.3337783813 -60.9531211853 -21.4431228638 -19.2970747874 3 nan nan nan nan nan 
41 6.42132210732 -61.2583580017 -60.8777008057 -21.3677062988 -19.1194716322 1 nan nan nan nan nan 
42 6.56122207642 -61.9043045044 -61.5236473083 -22.0136489868 -19.2040122167 2 nan nan nan nan nan 
43 6.71364307404 -61.4158248901 -61.0351676941 -21.5251693726 -19.2329154398 3 nan nan nan nan nan 
44 6.86700415611 -61.3342781067 -60.9536209106 -21.4436187744 -19.2610080493 1 nan nan nan nan nan 
45 7.05650520325 -61.3599510193 -60.9792938232 -21.4692993164 -19.0934899235 2 nan nan nan nan nan 
46 7.20897006989 -61.8570175171 -61.476360321 -21.9663619995 -19.2278552103 3 nan nan nan nan nan 
47 7.36704111099 -61.5509414673 -61.1702842712 -21.6602859497 -19.3034853488 1 nan nan nan nan nan 
48 7.51876020432 -61.3336181641 -60.952960968 -21.4429626465 -19.2937341298 2 nan nan nan nan nan 
49 7.708548069 -61.309513092 -60.928855896 -21.4188537598 -19.1190783142 3 nan nan nan nan nan 
50 7.851334095 -62.0969314575 -61.7162742615 -22.2062759399 -19.2742869911 1 nan nan nan nan nan 
51 8.0032980442 -61.37890625 -60.998249054 -21.4882507324 -19.2908593404 2 nan nan nan nan nan 
52 8.15678405762 -61.3912963867 -61.0106391907 -21.5006408691 -19.3211956701 3 nan nan nan nan nan 
53 8.34433603287 -61.3316230774 -60.9509658813 -21.4409637451 -19.0908595755 1 nan nan nan nan nan 
54 8.4970510006 -61.929145813 -61.5484886169 -22.0384902954 -19.2582948061 2 nan nan nan nan nan 
55 8.64738607407 -61.6121368408 -61.2314796448 -21.7214813232 -19.3343797634 3 nan nan nan nan nan 
56 8.7995300293 -61.2829551697 -60.9022979736 -21.3923034668 -19.3158070945 1 nan nan nan nan nan 
57 8.98151707649 -61.3166618347 -60.9360046387 -21.4260101318 -19.1227042391 2 nan nan nan nan nan 
58 9.1290500164 -61.9739837646 -61.5933265686 -22.0833282471 -19.2258279893 3 nan nan nan nan nan 
59 9.28087210655 -61.4817199707 -61.1010627747 -21.5910644531 -19.2970166739 1 nan nan nan nan nan 
60 9.43256020546 -61.3851699829 -61.0045127869 -21.4945144653 -19.3224632351 2 nan nan nan nan nan 
61 9.6150200367 -61.3037490845 -60.9230918884 -21.4130935669 -19.1127343534 3 nan nan nan nan nan 
62 9.76943898201 -62.4465675354 -62.0659103394 -22.5559082031 -19.3769942833 1 nan nan nan nan nan 
63 9.92395806313 -61.5103340149 -61.1296768188 -21.6196746826 -19.4233532788 2 nan nan nan nan nan 
64 10.0755391121 -61.3854751587 -61.0048179626 -21.4948196411 -19.4556749466 3 nan nan nan nan nan 
65 10.2577831745 -61.2993049622 -60.9186477661 -21.4086456299 -19.120384273 1 nan nan nan nan nan 
66 10.413916111 -61.940864563 -61.5602073669 -22.0502090454 -19.247577701 2 nan nan nan nan nan 
67 10.5663971901 -61.5950317383 -61.2143745422 -21.7043762207 -19.3197318322 3 nan nan nan nan nan 
68 10.7182741165 -61.4145774841 -61.0339202881 -21.5239257812 -19.3630650438 1 nan nan nan nan nan 
69 10.9045460224 -61.3320655823 -60.9514083862 -21.44140625 -19.1682071174 2 nan nan nan nan nan 
70 11.0552852154 -62.1337585449 -61.7531013489 -22.2431030273 -19.3219000678 3 nan nan nan nan nan 
71 11.2062079906 -61.559967041 -61.179309845 -21.6693115234 -19.3735192244 1 nan nan nan nan nan 
72 11.3598320484 -61.3798294067 -60.9991722107 -21.4891738892 -19.3918262497 2 nan nan nan nan nan 
73 11.5449931622 -61.3056259155 -60.9249687195 -21.4149703979 -19.1362734665 3 nan nan nan nan nan 
74 11.6984140873 -61.8126564026 -61.4319992065 -21.9219970703 -19.2118673576 1 nan nan nan nan nan 
75 11.854375124 -61.7046432495 -61.3239860535 -21.8139877319 -19.3202321147 2 nan nan nan nan nan 
76 12.0066990852 -61.4020423889 -61.0213851929 -21.5113830566 -19.356473089 3 nan nan nan nan nan 
77 12.1915180683 -61.3696784973 -60.9890213013 -21.479019165 -19.2107027124 1 nan nan nan nan nan 
78 12.34395504 -62.0464019775 -61.6657447815 -22.15574646 -19.308212766 2 nan nan nan nan nan 
79 12.5025911331 -61.5250816345 -61.1444244385 -21.6344299316 -19.3520217802 3 nan nan nan nan nan 
80 12.6533830166 -61.390625 -61.009967804 -21.4999694824 -19.3598647735 1 nan nan nan nan nan 
81 12.8369011879 -61.3170967102 -60.9364395142 -21.4264373779 -19.1329729917 2 nan nan nan nan nan 
82 12.9962251186 -62.0504951477 -61.6698379517 -22.1598358154 -19.2856960544 3 nan nan nan nan nan 
83 13.1457660198 -61.4963340759 -61.1156768799 -21.605682373 -19.3232359832 1 nan nan nan nan nan 
84 13.2975502014 -61.3488960266 -60.9682388306 -21.4582366943 -19.3352531646 2 nan nan nan nan nan 
85 13.4799561501 -61.3312110901 -60.950553894 -21.4405517578 -19.1146320427 3 nan nan nan nan nan 
86 13.6319561005 -61.8606834412 -61.4800262451 -21.9700317383 -19.2238407963 1 nan nan nan nan nan 
87 13.7861311436 -61.4977340698 -61.1170768738 -21.6070785522 -19.2758690403 2 nan nan nan nan nan 
88 13.9394111633 -61.4691963196 -61.0885391235 -21.5785369873 -19.32577491 3 nan nan nan nan nan 
89 14.0919611454 -61.3117027283 -60.9310455322 -21.4210510254 -19.1483963318 1 nan nan nan nan nan 
90 14.2761449814 -61.2986907959 -60.9180335999 -21.4080352783 -19.0822304612 2 nan nan nan nan nan 
91 14.4319951534 -61.8024787903 -61.4218215942 -21.911819458 -19.1823744824 3 nan nan nan nan nan 
92 14.5867040157 -61.3533325195 -60.9726753235 -21.462677002 -19.1971297766 1 nan nan nan nan nan 
93 14.7391130924 -61.3023300171 -60.921672821 -21.4116744995 -19.1984437751 2 nan nan nan nan nan 
94 14.9267020226 -61.3261489868 -60.9454917908 -21.4354934692 -19.0509087719 3 nan nan nan nan nan 
95 15.0772500038 -61.7299346924 -61.3492774963 -21.8392791748 -19.1678740999 1 nan nan nan nan nan 
96 15.2281169891 -61.4533081055 -61.0726509094 -21.5626525879 -19.2204014697 2 nan nan nan nan nan 
97 15.3778841496 -61.3126716614 -60.9320144653 -21.4220123291 -19.2155310107 3 nan nan nan nan nan 
98 15.5617411137 -61.2898445129 -60.9091873169 -21.3991851807 -19.0744829599 1 nan nan nan nan nan 
99 15.7118899822 -61.8389549255 -61.4582977295 -21.9483032227 -19.1898416922 2 nan nan nan nan nan 
100 15.8630421162 -61.4657936096 -61.0851364136 -21.5751342773 -19.2433874004 3 nan nan nan nan nan 
101 16.0124921799 -61.3085250854 -60.9278678894 -21.4178695679 -19.2502920634 1 nan nan nan nan nan 
102 16.1968970299 -61.300994873 -60.920337677 -21.4103393555 -19.0808568629 2 nan nan nan nan nan 
103 16.3562221527 -61.8553848267 -61.4747276306 -21.9647293091 -19.1969861986 3 nan nan nan nan nan 
104 16.5067369938 -61.4603996277 -61.0797424316 -21.5697479248 -19.2503871571 1 nan nan nan nan nan 
105 16.6896660328 -61.3668212891 -60.986164093 -21.4761657715 -19.2745002453 2 nan nan nan nan nan 
106 16.8723120689 -61.2745056152 -60.8938484192 -21.3838500977 -19.0896557562 3 nan nan nan nan nan 
107 17.0236930847 -61.8668518066 -61.4861946106 -21.9761962891 -19.2112976896 1 nan nan nan nan nan 
108 17.1766631603 -61.4560203552 -61.0753631592 -21.5653686523 -19.2423156773 2 nan nan nan nan nan 
109 17.3281931877 -61.381061554 -61.0004043579 -21.4904022217 -19.2814493924 3 nan nan nan nan nan 
110 17.5131092072 -61.343837738 -60.963180542 -21.4531860352 -19.1168795785 1 nan nan nan nan nan 
111 17.6669881344 -61.6130638123 -61.2324066162 -21.7224121094 -19.1665005169 2 nan nan nan nan nan 
112 17.8173820972 -61.4987945557 -61.1181373596 -21.6081390381 -19.2061622418 3 nan nan nan nan nan 
113 17.9686090946 -61.3659095764 -60.9852523804 -21.4752502441 -19.213976004 1 nan nan nan nan nan 
114 18.151184082 -61.3179244995 -60.9372673035 -21.4272689819 -19.1166070002 2 nan nan nan nan nan 
115 18.3035671711 -61.7494277954 -61.3687705994 -21.8587722778 -19.1930847871 3 nan nan nan nan nan 
116 18.4575250149 -61.4525299072 -61.0718727112 -21.5618743896 -19.2229769986 1 nan nan nan nan nan 
117 18.6411352158 -61.3962135315 -61.0155563354 -21.5055541992 -19.2510195549 2 nan nan nan nan nan 
118 18.8245790005 -61.3436355591 -60.962978363 -21.4529800415 -19.1207415116 3 nan nan nan nan nan 
119 18.9764111042 -61.601020813 -61.2203636169 -21.7103652954 -19.1678842219 1 nan nan nan nan nan 
120 19.1301310062 -61.4066734314 -61.0260162354 -21.5160217285 -19.1714456153 2 nan nan nan nan nan 
121 19.2811701298 -61.3664054871 -60.985748291 -21.4757537842 -19.1793824179 3 nan nan nan nan nan 
122 19.4709169865 -61.3275527954 -60.9468955994 -21.4368972778 -19.0903777347 1 nan nan nan nan nan 
123 19.6308891773 -61.7945976257 -61.4139404297 -21.9039459229 -19.2098580194 2 nan nan nan nan nan 
124 19.7811410427 -61.4137573242 -61.0331001282 -21.5231018066 -19.226417679 3 nan nan nan nan nan 
125 19.950026989 -61.3471641541 -60.966506958 -21.4565124512 -19.233484803 1 nan nan nan nan nan 
126 20.1329381466 -61.3570175171 -60.976360321 -21.4663619995 -19.0961881028 2 nan nan nan nan nan 
127 20.2710030079 -61.7496910095 -61.3690338135 -21.8590393066 -19.2004435697 3 nan nan nan nan nan 
128 20.4130260944 -61.4327392578 -61.0520820618 -21.5420837402 -19.2303366832 1 nan nan nan nan nan 
129 20.5951330662 -61.3252830505 -60.9446258545 -21.4346313477 -19.2189522368 2 nan nan nan nan nan 
130 20.7780032158 -61.3472137451 -60.9665565491 -21.4565582275 -19.0916587685 3 nan nan nan nan nan 
131 20.9297771454 -61.5936889648 -61.2130317688 -21.7030334473 -19.142436999 1 nan nan nan nan nan 
132 21.0799231529 -61.5179214478 -61.1372642517 -21.6272659302 -19.2075502502 2 nan nan nan nan nan 
133 21.2687721252 -61.3084030151 -60.9277458191 -21.4177474976 -19.1936938413 3 nan nan nan nan nan 
134 21.4514410496 -61.3389549255 -60.9582977295 -21.4483032227 -19.1102181063 1 nan nan nan nan nan 
135 21.6032261848 -61.6786193848 -61.2979621887 -21.7879638672 -19.1593695083 2 nan nan nan nan nan 
136 21.7561900616 -61.5316810608 -61.1510238647 -21.6410217285 -19.2356891794 3 nan nan nan nan nan 
137 21.9212319851 -61.3328819275 -60.9522247314 -21.4422302246 -19.2334950192 1 nan nan nan nan nan 
138 22.1040201187 -61.32188797 -60.9412307739 -21.4312286377 -19.1171030965 2 nan nan nan nan nan 
139 22.2574341297 -61.7533302307 -61.3726730347 -21.8626708984 -19.1840269882 3 nan nan nan nan nan 
140 22.4080882072 -61.4698371887 -61.0891799927 -21.5791778564 -19.2314539331 1 nan nan nan nan nan 
141 22.5595180988 -61.3214645386 -60.9408073425 -21.430809021 -19.2313015543 2 nan nan nan nan nan 
142 22.7419040203 -61.3825721741 -61.001914978 -21.4919128418 -19.1141751929 3 nan nan nan nan nan 
143 22.8948910236 -61.9373817444 -61.5567245483 -22.0467224121 -19.2537441175 1 nan nan nan nan nan 
144 23.0524251461 -61.4440917969 -61.0634346008 -21.5534362793 -19.2979399281 2 nan nan nan nan nan 
145 23.2126979828 -61.3790473938 -60.9983901978 -21.4883880615 -19.2966559383 3 nan nan nan nan nan 
146 23.3951311111 -61.381816864 -61.001159668 -21.4911651611 -19.1251832453 1 nan nan nan nan nan 
147 23.5445010662 -61.8026771545 -61.4220199585 -21.9120178223 -19.2360004258 2 nan nan nan nan nan 
148 23.697368145 -61.4186096191 -61.0379524231 -21.5279541016 -19.249941229 3 nan nan nan nan nan 
149 23.8476610184 -61.3310890198 -60.9504318237 -21.4404296875 -19.2317304715 1 nan nan nan nan nan 
150 24.0366010666 -61.331111908 -60.9504547119 -21.4404602051 -19.0836183218 2 nan nan nan nan nan 
151 24.1897361279 -61.6147880554 -61.2341308594 -21.7241363525 -19.1453460327 3 nan nan nan nan nan 
152 24.3434491158 -61.4836807251 -61.1030235291 -21.5930252075 -19.1971695521 1 nan nan nan nan nan 
153 24.4963870049 -61.3522338867 -60.9715766907 -21.4615783691 -19.2046622285 2 nan nan nan nan nan 
154 24.6801280975 -61.2925338745 -60.9118766785 -21.4018783569 -19.0984275363 3 nan nan nan nan nan 
155 24.8314890862 -61.73229599 -61.3516387939 -21.8416442871 -19.1742060372 1 nan nan nan nan nan 
156 24.9833600521 -61.4420509338 -61.0613937378 -21.5513916016 -19.2051091438 2 nan nan nan nan nan 
157 25.1338391304 -61.3590545654 -60.9783973694 -21.4683990479 -19.2290621995 3 nan nan nan nan nan 
158 25.3180360794 -61.3184509277 -60.9377937317 -21.4277954102 -19.0963151136 1 nan nan nan nan nan 
159 25.4694712162 -61.7179412842 -61.3372840881 -21.8272857666 -19.1816116923 2 nan nan nan nan nan 
160 25.6222782135 -61.4958992004 -61.1152420044 -21.6052398682 -19.228375946 3 nan nan nan nan nan 
161 25.8050692081 -61.3563613892 -60.9757041931 -21.4657058716 -19.2420676688 1 nan nan nan nan nan 
162 25.9873700142 -61.3377304077 -60.9570732117 -21.4470748901 -19.1192620613 2 nan nan nan nan nan 
163 26.1350181103 -61.8419952393 -61.4613380432 -21.9513397217 -19.2235520754 3 nan nan nan nan nan 
164 26.2909832001 -61.5265007019 -61.1458435059 -21.635848999 -19.2826230499 1 nan nan nan nan nan 
165 26.444355011 -61.3813476562 -61.0006904602 -21.4906921387 -19.2986190756 2 nan nan nan nan nan 
166 26.6265530586 -61.3361434937 -60.9554862976 -21.4454879761 -19.1368955739 3 nan nan nan nan nan 
167 26.7834300995 -61.681930542 -61.3012733459 -21.7912750244 -19.1848769232 1 nan nan nan nan nan 
168 26.9356040955 -61.5057296753 -61.1250724792 -21.6150741577 -19.22708835 2 nan nan nan nan nan 
169 27.119959116 -61.3371200562 -60.9564628601 -21.4464645386 -19.2274398761 3 nan nan nan nan nan 
170 27.301568985 -61.3251342773 -60.9444770813 -21.4344787598 -19.1115148357 1 nan nan nan nan nan 
171 27.4529411793 -62.057800293 -61.6771430969 -22.1671447754 -19.27114309 2 nan nan nan nan nan 
172 27.602643013 -61.4473991394 -61.0667419434 -21.5567474365 -19.3109942794 3 nan nan nan nan nan 
173 27.7544510365 -61.3579711914 -60.9773139954 -21.4673156738 -19.3232860511 1 nan nan nan nan nan 
174 27.9363059998 -61.3198394775 -60.9391822815 -21.42918396 -19.0981537375 2 nan nan nan nan nan 
175 28.0757160187 -61.8101959229 -61.4295387268 -21.9195404053 -19.2086032881 3 nan nan nan nan nan 
176 28.2305500507 -61.5058403015 -61.1251831055 -21.6151885986 -19.2597178014 1 nan nan nan nan nan 
177 28.380865097 -61.3850135803 -61.0043563843 -21.494354248 -19.2834878746 2 nan nan nan nan nan 
178 28.562964201 -61.3620414734 -60.9813842773 -21.4713897705 -19.1404609333 3 nan nan nan nan nan 
179 28.7173931599 -61.7429847717 -61.3623275757 -21.8523254395 -19.21354856 1 nan nan nan nan nan 
180 28.8709070683 -61.4585418701 -61.0778846741 -21.5678863525 -19.23898902 2 nan nan nan nan nan 
181 29.0226991177 -61.3583984375 -60.9777412415 -21.4677429199 -19.2376838351 3 nan nan nan nan nan 
182 29.2089090347 -61.3441085815 -60.9634513855 -21.453453064 -19.1101608228 1 nan nan nan nan nan 
183 29.3618450165 -61.6961250305 -61.3154678345 -21.8054656982 -19.1839651388 2 nan nan nan nan nan 
184 29.5121171474 -61.4680862427 -61.0874290466 -21.5774307251 -19.2216566789 3 nan nan nan nan nan 
185 29.6658082008 -61.3727378845 -60.9920806885 -21.4820861816 -19.2318582945 1 nan nan nan nan nan 
186 29.8493261337 -61.3241462708 -60.9434890747 -21.4334869385 -19.1112414668 2 nan nan nan nan nan 
187 30.0041592121 -62.1294059753 -61.7487487793 -22.2387542725 -19.3025393813 3 nan nan nan nan nan 
188 30.1642780304 -61.5274353027 -61.1467781067 -21.6367797852 -19.3579657356 1 nan nan nan nan nan 
189 30.3166091442 -61.4240722656 -61.0434150696 -21.533416748 -19.3958464996 2 nan nan nan nan nan 
190 30.4995920658 -61.372592926 -60.99193573 -21.4819335938 -19.1641528959 3 nan nan nan nan nan 
191 30.651252985 -62.0365867615 -61.6559295654 -22.1459350586 -19.3145920267 1 nan nan nan nan nan 
192 30.8056681156 -61.4788169861 -61.09815979 -21.5881652832 -19.3341398103 2 nan nan nan nan nan 
193 30.9569900036 -61.3574180603 -60.9767608643 -21.4667663574 -19.3284865386 3 nan nan nan nan nan 
194 31.1416339874 -61.4267654419 -61.0461082458 -21.5361099243 -19.1441707999 1 nan nan nan nan nan 
195 31.2943429947 -61.6657600403 -61.2851028442 -21.775100708 -19.203083815 2 nan nan nan nan nan 
196 31.4488320351 -61.4546890259 -61.0740318298 -21.5640335083 -19.2368836733 3 nan nan nan nan nan 
197 31.6007180214 -61.3860206604 -61.0053634644 -21.4953613281 -19.2226628163 1 nan nan nan nan nan 
198 31.7880041599 -61.4408874512 -61.0602302551 -21.5502319336 -19.1507328858 2 nan nan nan nan nan 
199 31.9395442009 -61.8045082092 -61.4238510132 -21.913848877 -19.2597572494 3 nan nan nan nan nan 
200 32.0939540863 -61.4880447388 -61.1073875427 -21.5973892212 -19.2956510709 1 nan nan nan nan nan 
