0 -156.816009521 -37725.5225534 99047.7229558 99047.7229558
1 -156.816009521 -37725.5225534 99047.7229558 99047.7229558
2 -156.816009521 -37725.5225534 99047.7229558 99047.7229558
3 -156.816009521 -37725.5225534 99047.7229558 99047.7229558
4 -156.816009521 -37725.5225534 99047.7229558 99047.7229558
5 -156.816009521 -37725.5225534 99047.7229558 99047.7229558
6 -156.816009521 -37725.5225534 99047.7229558 99047.7229558
7 -156.816009521 -37725.5225534 99047.7229558 99047.7229558
8 -156.816009521 -37725.5225534 99047.7229558 99047.7229558
9 -156.816009521 -37725.5225534 99047.7229558 99047.7229558
10 -156.816009521 -37725.5225534 99047.7229558 99047.7229558
11 -156.816009521 -37725.5225534 99047.7229558 99047.7229558
12 -156.816009521 -37725.5225534 99047.7229558 99047.7229558
13 -156.816009521 -37725.5225534 99047.7229558 99047.7229558
14 -156.816009521 -37725.5225534 99047.7229558 99047.7229558
15 -156.816009521 -37725.5225534 99047.7229558 99047.7229558
16 -156.816009521 -37725.5225534 99047.7229558 99047.7229558
17 -156.816009521 -37725.5225534 99047.7229558 99047.7229558
18 -171.072006226 -37725.5225534 99047.7229558 99047.7229558
19 -171.072006226 -37725.5225534 99047.7229558 99047.7229558
20 -171.072006226 -37725.5225534 99047.7229558 99047.7229558
21 -171.072006226 -37725.5225534 99047.7229558 99047.7229558
22 -171.072006226 -37725.5225534 99047.7229558 99047.7229558
23 -171.072006226 -37725.5225534 99047.7229558 99047.7229558
24 -171.072006226 -37725.5225534 99047.7229558 99047.7229558
25 -171.072006226 -37725.5225534 99047.7229558 99047.7229558
26 -171.072006226 -37725.5225534 99047.7229558 99047.7229558
27 -171.072006226 -37725.5225534 99047.7229558 99047.7229558
28 -171.072006226 -37725.5225534 99047.7229558 99047.7229558
29 -171.072006226 -37725.5225534 99047.7229558 99047.7229558
30 -171.072006226 -37725.5225534 99047.7229558 99047.7229558
31 -171.072006226 -37725.5225534 99047.7229558 99047.7229558
32 -171.072006226 -37725.5225534 99047.7229558 99047.7229558
33 -171.072006226 -37725.5225534 99047.7229558 99047.7229558
34 -171.072006226 -37725.5225534 99047.7229558 99047.7229558
35 -171.072006226 -37725.5225534 99047.7229558 99047.7229558
36 -171.072006226 -37725.5225534 99047.7229558 99047.7229558
37 -171.072006226 -37725.5225534 99047.7229558 99047.7229558
38 -171.072006226 -37725.5225534 99047.7229558 99047.7229558
39 -171.072006226 -37725.5225534 99047.7229558 99047.7229558
40 -171.072006226 -37725.5225534 99047.7229558 99047.7229558
41 -171.072006226 -37725.5225534 99047.7229558 99047.7229558
42 -171.072006226 -37725.5225534 99047.7229558 99047.7229558
43 -171.072006226 -37725.5225534 99047.7229558 99047.7229558
44 -171.072006226 -37725.5225534 99047.7229558 99047.7229558
45 -171.072006226 -37725.5225534 99047.7229558 99047.7229558
46 -171.072006226 -37725.5225534 99047.7229558 99047.7229558
47 -171.072006226 -37725.5225534 99047.7229558 99047.7229558
48 -171.072006226 -37725.5225534 99047.7229558 99047.7229558
49 -171.072006226 -37725.5225534 99047.7229558 99047.7229558
50 -171.072006226 -37725.5225534 99047.7229558 99047.7229558
51 -171.072006226 -37725.5225534 99047.7229558 99047.7229558
52 -171.072006226 -37725.5225534 99047.7229558 99047.7229558
53 -171.072006226 -37725.5225534 99047.7229558 99047.7229558
54 -171.072006226 -37725.5225534 99047.7229558 99047.7229558
55 -171.072006226 -37725.5225534 99047.7229558 99047.7229558
56 -171.072006226 -37725.5225534 99047.7229558 99047.7229558
57 -171.072006226 -37725.5225534 99047.7229558 99047.7229558
58 -171.072006226 -37725.5225534 99047.7229558 99047.7229558
59 -171.072006226 -37725.5225534 99047.7229558 99047.7229558
60 -171.072006226 -37725.5225534 99047.7229558 99047.7229558
61 -171.072006226 -37725.5225534 99047.7229558 99047.7229558
62 -171.072006226 -37725.5225534 99047.7229558 99047.7229558
63 -171.072006226 -37725.5225534 99047.7229558 99047.7229558
64 -171.072006226 -37725.5225534 99047.7229558 99047.7229558
65 -171.072006226 -37725.5225534 99047.7229558 99047.7229558
66 -171.072006226 -37725.5225534 99047.7229558 99047.7229558
67 -171.072006226 -37725.5225534 99047.7229558 99047.7229558
68 -185.32800293 -37725.5225534 99047.7229558 99047.7229558
69 -185.32800293 -37725.5225534 99047.7229558 99047.7229558
70 -185.32800293 -37725.5225534 99047.7229558 99047.7229558
71 -185.32800293 -37725.5225534 99047.7229558 99047.7229558
72 -185.32800293 -37725.5225534 99047.7229558 99047.7229558
73 -185.32800293 -37725.5225534 99047.7229558 99047.7229558
74 -185.32800293 -37725.5225534 99047.7229558 99047.7229558
75 -185.32800293 -37725.5225534 99047.7229558 99047.7229558
76 -185.32800293 -37725.5225534 99047.7229558 99047.7229558
77 -185.32800293 -37725.5225534 99047.7229558 99047.7229558
78 -185.32800293 -37725.5225534 99047.7229558 99047.7229558
79 -185.32800293 -37725.5225534 99047.7229558 99047.7229558
80 -185.32800293 -37725.5225534 99047.7229558 99047.7229558
81 -185.32800293 -37725.5225534 99047.7229558 99047.7229558
82 -185.32800293 -37725.5225534 99047.7229558 99047.7229558
83 -185.32800293 -37725.5225534 99047.7229558 99047.7229558
84 -185.32800293 -37725.5225534 99047.7229558 99047.7229558
85 -185.32800293 -37725.5225534 99047.7229558 99047.7229558
86 -185.32800293 -37725.5225534 99047.7229558 99047.7229558
87 -185.32800293 -37725.5225534 99047.7229558 99047.7229558
88 -185.32800293 -37725.5225534 99047.7229558 99047.7229558
89 -185.32800293 -37725.5225534 99047.7229558 99047.7229558
90 -185.32800293 -37725.5225534 99047.7229558 99047.7229558
91 -185.32800293 -37725.5225534 99047.7229558 99047.7229558
92 -185.32800293 -37725.5225534 99047.7229558 99047.7229558
93 -185.32800293 -37725.5225534 99047.7229558 99047.7229558
94 -185.32800293 -37727.3801664 99058.4566949 99058.4566949
95 -185.32800293 -37727.3801664 99058.4566949 99058.4566949
96 -185.32800293 -37727.3801664 99058.4566949 99058.4566949
97 -185.32800293 -37727.3801664 99058.4566949 99058.4566949
98 -185.32800293 -37727.3801664 99058.4566949 99058.4566949
99 -185.32800293 -37727.3801664 99058.4566949 99058.4566949
