Nr Etime Raw dBm dBmW/m2 sum:dBmW/m2 loop X Y Z 
1 0.000939846038818 -62.0765037537 -61.6958465576 -22.1858520508 -19.0082100651 1 -8.4197917609 -91.1933689521 -67.0923577681 17.6434995 59.856887 
2 0.212746858597 -61.0125045776 -60.6318473816 -21.1218490601 -19.1467376665 3 -8.4197917609 -91.1933689521 -67.0923577681 17.6434995 59.856887 
3 0.518912792206 -61.7056655884 -61.3250083923 -21.8150100708 -18.9123890589 2 -7.83974415515 -90.8664945426 -66.9451100838 17.643494667 59.856882667 
4 0.834450006485 -61.0061454773 -60.6254882812 -21.1154937744 -19.0008871692 1 -7.839744339 -90.8664966734 -67.0937081223 17.643494667 59.856882667 
5 1.13243794441 -61.8180847168 -61.4374275208 -21.9274291992 -18.950454367 3 -7.839744339 -90.8664966734 -67.0937081223 17.643494667 59.856882667 
6 1.4485578537 -61.0498733521 -60.669216156 -21.1592178345 -19.0970325315 2 -6.31567729317 -91.3776850998 -66.8837647904 17.643495833 59.856868167 
7 1.63622784615 -60.9043006897 -60.5236434937 -21.0136413574 -18.8085142507 3 -6.31567729317 -91.3776850998 -66.8837647904 17.643495833 59.856868167 
8 1.79197478294 -61.4021453857 -61.0214881897 -21.5114898682 -18.8326109691 1 -6.3156773052 -91.3776852739 -66.8958332025 17.643495833 59.856868167 
9 1.93739080429 -61.2241134644 -60.8434562683 -21.3334579468 -18.8907299779 2 -6.3156773052 -91.3776852739 -66.8958332025 17.643495833 59.856868167 
10 2.09125185013 -61.0641708374 -60.6835136414 -21.1735153198 -18.9495019266 3 -6.31567724465 -91.3776843978 -66.8350805684 17.643495833 59.856868167 
11 2.27530193329 -61.0105361938 -60.6298789978 -21.1198806763 -18.8214642164 1 -6.31567767459 -91.3776906184 -67.2664570804 17.643495833 59.856868167 
12 2.56598687172 -61.3142089844 -60.9335517883 -21.4235534668 -19.0602308627 3 -6.37892346935 -92.7940843076 -67.1814050475 17.643510333 59.8568655 
13 2.91233277321 -60.9783592224 -60.5977020264 -21.0877075195 -18.8302442898 2 -6.37892355359 -92.794085533 -67.2650839344 17.643510333 59.8568655 
14 3.23488378525 -61.330581665 -60.949924469 -21.4399261475 -19.1469490807 1 -6.37892330282 -92.794081885 -67.0159710276 17.643510333 59.8568655 
15 3.5852689743 -60.9438209534 -60.5631637573 -21.0531616211 -18.8324912097 3 -6.507218233 -91.8220023491 -67.1412801578 17.643500833 59.856868833 
16 3.90237593651 -61.2411689758 -60.8605117798 -21.3505096436 -18.9891729177 2 -6.50721829539 -91.8220032294 -67.2020327356 17.643500833 59.856868833 
17 4.24401783943 -61.0093269348 -60.6286697388 -21.1186676025 -18.8256522819 1 -6.50721812649 -91.8220008462 -67.0375660696 17.643500833 59.856868833 
18 4.54363799095 -61.2384147644 -60.8577575684 -21.3477630615 -19.0351865236 3 -5.48133611552 -92.4179905459 -67.0983091714 17.643504167 59.8568585 
19 4.85321784019 -60.9659042358 -60.5852470398 -21.0752487183 -18.8269105076 2 -5.4813359582 -92.4179878933 -66.9164364104 17.643504167 59.8568585 
20 5.02995991707 -60.9715576172 -60.5909004211 -21.0809020996 -18.7397482415 3 -5.4813359582 -92.4179878933 -66.9164364104 17.643504167 59.8568585 
21 5.18573689461 -61.4128303528 -61.0321731567 -21.5221710205 -18.8306484211 1 -5.48133593276 -92.4179874644 -66.8870262161 17.643504167 59.8568585 
22 5.34535479546 -61.0922279358 -60.7115707397 -21.2015686035 -18.8747427646 2 -5.48133593276 -92.4179874644 -66.8870262161 17.643504167 59.8568585 
23 5.53107786179 -61.0143432617 -60.6336860657 -21.1236877441 -18.890136113 3 -4.81048497677 -91.5217196158 -67.2310651278 17.643493333 59.856854667 
24 5.71478199959 -60.9837837219 -60.6031265259 -21.0931243896 -18.7533756496 1 -4.8104848509 -91.521717221 -67.0652581633 17.643493333 59.856854667 
25 5.87175989151 -61.3412017822 -60.9605445862 -21.4505462646 -18.8309278335 2 -4.8104848509 -91.521717221 -67.0652581633 17.643493333 59.856854667 
26 6.02594399452 -61.1686630249 -60.7880058289 -21.2780075073 -18.8833800251 3 -4.81048471153 -91.5217145695 -66.8816763916 17.643493333 59.856854667 
27 6.18026781082 -61.0349006653 -60.6542434692 -21.144241333 -18.9017178079 1 -4.81048471153 -91.5217145695 -66.8816763916 17.643493333 59.856854667 
28 6.36603784561 -60.9642486572 -60.5835914612 -21.0735931396 -18.7780278533 2 -4.72440734096 -88.9913756023 -66.9944224392 17.6434675 59.856859667 
29 6.51775789261 -61.6899185181 -61.309261322 -21.7992630005 -18.9297522717 3 -4.72440734096 -88.9913756023 -66.9944224392 17.6434675 59.856859667 
30 6.68262887001 -61.1371650696 -60.7565078735 -21.2465057373 -18.9660825172 1 -4.72440732914 -88.9913753797 -66.9785676818 17.6434675 59.856859667 
31 6.83602285385 -61.0203094482 -60.6396522522 -21.1296539307 -18.9871527044 2 -4.72440732914 -88.9913753797 -66.9785676818 17.6434675 59.856859667 
32 7.01952290535 -61.0117683411 -60.631111145 -21.1211090088 -18.7794011162 3 -4.72440730505 -88.9913749259 -66.9462550864 17.6434675 59.856859667 
33 7.15899395943 -61.798034668 -61.4173774719 -21.9073791504 -18.9704983572 1 -4.72440730505 -88.9913749259 -66.9462550864 17.6434675 59.856859667 
34 7.32183098793 -61.1359710693 -60.7553138733 -21.2453155518 -19.0125753056 2 -5.53081934818 -87.1843062965 -67.0009210072 17.643451333 59.856870833 
35 7.47894001007 -61.0951805115 -60.7145233154 -21.2045288086 -19.0437904178 3 -5.53081927066 -87.1843050746 -66.9121099501 17.643451333 59.856870833 
36 7.66495084763 -60.9894523621 -60.608795166 -21.0988006592 -18.7963937117 1 -5.53081927066 -87.1843050746 -66.9121099501 17.643451333 59.856870833 
37 7.81536388397 -61.7401046753 -61.3594474792 -21.8494491577 -18.9742201424 2 -5.53081970869 -87.1843119793 -67.4139533674 17.643451333 59.856870833 
38 7.97168898582 -61.2048301697 -60.8241729736 -21.3141784668 -19.0128464889 3 -5.53081970869 -87.1843119793 -67.4139533674 17.643451333 59.856870833 
39 8.12435984612 -61.0217933655 -60.6411361694 -21.1311340332 -19.0251622672 1 -5.53081933785 -87.1843061337 -66.9890879624 17.643451333 59.856870833 
40 8.30847477913 -60.9614219666 -60.5807647705 -21.0707702637 -18.7839765642 2 -5.53081953112 -87.1843091802 -67.210511639 17.643451333 59.856870833 
41 8.45290994644 -61.799118042 -61.4184608459 -21.9084625244 -18.9524850136 3 -5.9343936821 -87.4912201187 -67.210507043 17.6434555 59.856873667 
42 8.75498580933 -61.0651397705 -60.6844825745 -21.1744842529 -19.0975826032 2 -5.93439381038 -87.4912220099 -67.3474860663 17.6434555 59.856873667 
43 8.94227480888 -60.9673500061 -60.5866928101 -21.0766906738 -18.8362112652 3 -5.9343935098 -87.4912175784 -67.0265274858 17.6434555 59.856873667 
44 9.09651279449 -61.426902771 -61.046245575 -21.5362472534 -18.8680386326 1 -5.9343935098 -87.4912175784 -67.0265274858 17.6434555 59.856873667 
45 9.2588698864 -61.1956520081 -60.814994812 -21.3049926758 -18.9122750626 2 -5.93439387263 -87.4912229276 -67.4139487714 17.6434555 59.856873667 
46 9.41362690926 -61.038394928 -60.6577377319 -21.1477355957 -18.9382262558 3 -5.0104673078 -86.9407460468 -67.4139571462 17.6434475 59.856866833 
47 9.59741091728 -60.9788780212 -60.5982208252 -21.0882263184 -18.7928001217 1 -5.01046704843 -86.9407415463 -67.0859413149 17.6434475 59.856866833 
48 9.8933608532 -61.1990737915 -60.8184165955 -21.3084182739 -18.9343424107 3 -5.01046697562 -86.9407402828 -66.9938528265 17.6434475 59.856866833 
49 10.2419228554 -60.9823188782 -60.6016616821 -21.0916595459 -18.7974786307 2 -5.0104671442 -86.9407432081 -67.2070594711 17.6434475 59.856866833 
50 10.5420908928 -61.2586708069 -60.8780136108 -21.3680114746 -19.0017905339 1 -4.53247095595 -86.9332063145 -66.8148903021 17.643446167 59.856862667 
51 10.8903617859 -60.9624710083 -60.5818138123 -21.0718154907 -18.8091466826 3 -4.53247132556 -86.9332134037 -67.3316316474 17.643446167 59.856862667 
52 11.1952979565 -61.2440795898 -60.8634223938 -21.3534240723 -19.0623384561 2 -4.53247122295 -86.9332114355 -67.1881667263 17.643446167 59.856862667 
53 11.5370998383 -60.9438400269 -60.5631828308 -21.0531845093 -18.7913757842 1 -3.89327208477 -86.0123099389 -67.0596124977 17.643435167 59.856859167 
54 11.8376078606 -61.2107620239 -60.8301048279 -21.3201065063 -18.9248807301 3 -3.89327194297 -86.0123068062 -66.8288204708 17.643435167 59.856859167 
55 12.1679608822 -60.9686317444 -60.5879745483 -21.0779724121 -18.7980841148 2 -3.89327225424 -86.0123136828 -67.3354337638 17.643435167 59.856859167 
56 12.4865188599 -61.1428527832 -60.7621955872 -21.2521972656 -18.908148174 1 -3.13956583931 -84.5776745844 -67.0521844513 17.643418667 59.856855833 
57 12.6742749214 -60.9847640991 -60.6041069031 -21.0941085815 -18.9140749091 2 -3.13956592477 -84.5776768867 -67.2246761824 17.643418667 59.856855833 
58 12.8669018745 -60.8838233948 -60.5031661987 -20.9931640625 -18.7249456128 3 -3.13956592477 -84.5776768867 -67.2246761824 17.643418667 59.856855833 
59 13.0274980068 -61.3235397339 -60.9428825378 -21.4328842163 -18.7797738565 1 -3.13956586505 -84.5776752779 -67.1041423821 17.643418667 59.856855833 
60 13.167979002 -61.1439094543 -60.7632522583 -21.2532501221 -18.8332844437 2 -3.13956586505 -84.5776752779 -67.1041423821 17.643418667 59.856855833 
61 13.3182139397 -60.9747047424 -60.5940475464 -21.0840454102 -18.8664551904 3 -4.32474735507 -82.6886943621 -66.8275250517 17.643402667 59.8568705 
62 13.5118608475 -60.9564056396 -60.5757484436 -21.0657501221 -18.747116587 1 -4.32474735507 -82.6886943621 -66.8275250517 17.643402667 59.8568705 
63 13.8169968128 -61.299282074 -60.9186248779 -21.4086303711 -19.1049348298 3 -4.32474741193 -82.6886954492 -66.9108333662 17.643402667 59.8568705 
64 14.1545519829 -60.9764137268 -60.5957565308 -21.0857543945 -18.8122680345 2 -4.32474747478 -82.6886966509 -67.002920582 17.643402667 59.8568705 
65 14.4600219727 -61.2378044128 -60.8571472168 -21.34715271 -19.074797309 1 -3.23096176675 -80.897747576 -66.9547770838 17.643381667 59.856865 
66 14.8054468632 -60.9822006226 -60.6015434265 -21.091545105 -18.8006037897 3 -3.23096174746 -80.8977470932 -66.9169622982 17.643381667 59.856865 
67 15.118131876 -61.1696014404 -60.7889442444 -21.2789459229 -19.0143641089 2 -3.23096172029 -80.8977464128 -66.8636594944 17.643381667 59.856865 
68 15.457367897 -60.9558486938 -60.5751914978 -21.0651931763 -18.7677793833 1 -4.28537390928 -79.0921537111 -66.9912765071 17.643366167 59.856878333 
69 15.7688047886 -61.3035354614 -60.9228782654 -21.4128799438 -19.0968523445 3 -4.28537374239 -79.0921506309 -66.7444995526 17.643366167 59.856878333 
70 16.1214327812 -60.9771194458 -60.5964622498 -21.0864639282 -18.8127325593 2 -4.28537382778 -79.0921522068 -66.8707586554 17.643366167 59.856878333 
71 16.43973279 -61.3322868347 -60.9516296387 -21.4416351318 -18.9630577732 1 -4.23250326701 -78.5953094723 -66.9848106523 17.643361 59.856879 
72 16.626529932 -61.0427627563 -60.6621055603 -21.1521072388 -18.9875148678 2 -4.23250326701 -78.5953094723 -66.9848106523 17.643361 59.856879 
73 16.8118839264 -60.8957519531 -60.5150947571 -21.0050964355 -18.8065190344 3 -4.23250313405 -78.5953070033 -66.7857567006 17.643361 59.856879 
74 16.9611618519 -62.2480125427 -61.8673553467 -22.3573608398 -19.0407222034 1 -4.2325031699 -78.595307669 -66.8394212116 17.643361 59.856879 
75 17.1194348335 -61.1402053833 -60.7595481873 -21.2495498657 -19.0770628921 2 -4.2325031699 -78.595307669 -66.8394212116 17.643361 59.856879 
76 17.2757828236 -60.9778442383 -60.5971870422 -21.0871887207 -19.110470761 3 -4.23250305061 -78.5953054538 -66.6608293781 17.643361 59.856879 
77 17.4609057903 -61.0357551575 -60.6550979614 -21.1450958252 -18.7739695394 1 -5.0926447925 -77.5813027454 -66.6608412413 17.643353 59.856888833 
78 17.5983920097 -62.1771469116 -61.7964897156 -22.286491394 -19.0550754886 2 -5.09264489043 -77.5813042373 -66.7826979098 17.643353 59.856888833 
79 17.7563128471 -61.2708702087 -60.8902130127 -21.3802185059 -19.1653555375 3 -5.09264489043 -77.5813042373 -66.7826979098 17.643353 59.856888833 
80 17.9094259739 -61.0393295288 -60.6586723328 -21.1486740112 -19.1667926832 1 -5.09264467474 -77.5813009514 -66.5143147686 17.643353 59.856888833 
81 18.0961167812 -61.0119476318 -60.6312904358 -21.1212921143 -18.8280544667 2 -5.09264510171 -77.5813074559 -67.0455900607 17.643353 59.856888833 
82 18.2475919724 -61.8733329773 -61.4926757812 -21.9826812744 -18.9968711876 3 -5.09264510171 -77.5813074559 -67.0455900607 17.643353 59.856888833 
83 18.4069428444 -61.3478889465 -60.9672317505 -21.4572296143 -19.106364073 1 -6.1439009811 -76.0564750411 -66.857246528 17.643340333 59.8569015 
84 18.5572168827 -61.1150512695 -60.7343940735 -21.224395752 -19.1465460044 2 -6.1439009811 -76.0564750411 -66.857246528 17.643340333 59.8569015 
85 18.7145688534 -60.994052887 -60.6133956909 -21.1033935547 -18.8711455401 3 -6.14390087145 -76.0564736837 -66.7441549636 17.643340333 59.8569015 
86 18.8984889984 -60.997341156 -60.61668396 -21.1066894531 -18.7584951485 1 -6.14390087145 -76.0564736837 -66.7441549636 17.643340333 59.8569015 
87 19.0601248741 -61.3655929565 -60.9849357605 -21.474937439 -18.8358702277 2 -6.1439009811 -76.0564750411 -66.857246528 17.643340333 59.8569015 
88 19.2147369385 -61.0973129272 -60.7166557312 -21.2066574097 -18.8716577841 3 -6.1439009811 -76.0564750411 -66.857246528 17.643340333 59.8569015 
89 19.367317915 -61.0100440979 -60.6293869019 -21.1193847656 -18.8761848913 1 -6.52345854216 -74.8050791324 -67.0993139672 17.643328667 59.856907667 
90 19.5563619137 -61.0481376648 -60.6674804688 -21.1574859619 -18.7752761677 2 -6.52345828332 -74.8050761642 -66.8478836185 17.643328667 59.856907667 
91 19.7173399925 -61.6060142517 -61.2253570557 -21.7153625488 -18.9285797076 3 -6.52345828332 -74.8050761642 -66.8478836185 17.643328667 59.856907667 
92 19.8761618137 -61.1809387207 -60.8002815247 -21.2902832031 -18.9893458629 1 -6.52345809945 -74.8050740558 -66.6692783763 17.643328667 59.856907667 
93 20.0627148151 -60.9904136658 -60.6097564697 -21.0997619629 -18.9678988353 2 -6.52345809945 -74.8050740558 -66.6692783763 17.643328667 59.856907667 
94 20.2492308617 -60.9941978455 -60.6135406494 -21.1035461426 -18.7771209141 3 -6.52345827982 -74.805076124 -66.8444785001 17.643328667 59.856907667 
95 20.5665137768 -61.1162223816 -60.7355651855 -21.2255706787 -18.9246471147 2 -7.84967750069 -73.7522925526 -66.8397394622 17.6433215 59.856921667 
96 20.7535510063 -60.940196991 -60.5595397949 -21.0495452881 -18.9046928765 3 -7.84967719844 -73.7522897127 -66.5957460679 17.6433215 59.856921667 
97 20.9394299984 -60.9511756897 -60.5705184937 -21.0605163574 -18.7247914856 1 -7.84967719844 -73.7522897127 -66.5957460679 17.6433215 59.856921667 
98 21.0948479176 -61.5105667114 -61.1299095154 -21.6199111938 -18.8418855568 2 -7.84967786542 -73.7522959794 -67.1341667431 17.6433215 59.856921667 
99 21.2589869499 -61.1705741882 -60.7899169922 -21.2799224854 -18.9224427448 3 -7.84967776175 -73.7522950054 -67.0504816161 17.6433215 59.856921667 
100 21.4102389812 -60.9914245605 -60.6107673645 -21.100769043 -18.9373932297 1 -8.58881366008 -71.9792045182 -67.0505010461 17.6433055 59.856932167 
