Nr Etime Raw dBm dBmW/m2 sum:dBmW/m2 loop X Y Z long lat droneData: lat long alt pitch yaw roll heading
1 0.00055193901062 -75.205291748 -73.1971435547 -34.3258972168 -34.0908821515 2 -7.24024412305 -20.3212881123 23.3276928861 17.642779188 59.857037823 0 0 0 0 0 0 0 
2 0.0416378974915 -80.5816879272 -73.1971435547 -34.3258972168 -34.0908821515 3 -7.24024412305 -20.3212881123 23.3276928861 17.642779188 59.857037823 0 0 0 0 0 0 0 
3 0.132865905762 -86.6207733154 -84.6126251221 -39.702293396 -34.1094866914 1 -7.24024412305 -20.3212881123 23.3276928861 17.642779188 59.857037823 0 0 0 0 0 0 0 
4 0.240535020828 -75.7362365723 -84.6126251221 -34.856842041 -34.6223561071 2 -7.24024448132 -20.3212891178 23.014137197 17.642779188 59.857037823 0 0 0 0 0 0 0 
5 0.343257904053 -80.2052307129 -78.1970825195 -34.856842041 -34.6223561071 3 -8.3310280681 -21.5782038808 23.0141426936 17.642794776 59.857044511 0 0 0 0 0 0 0 
6 0.451041936874 -82.9598922729 -80.9517440796 -39.3258361816 -34.5830929345 1 -8.3310280681 -21.5782038808 23.0141426936 17.642794776 59.857044511 0 0 0 0 0 0 0 
7 0.558494091034 -75.6856155396 -73.6774673462 -42.0804977417 -34.5277909298 2 -8.33102800313 -21.5782037126 23.0635537355 17.642794776 59.857044511 0 0 0 0 0 0 0 
8 0.656270980835 -80.5559005737 -78.5477523804 -39.6765060425 -34.5193313402 3 -8.33102800313 -21.5782037126 23.0635537355 17.642794776 59.857044511 0 0 0 0 0 0 0 
9 0.752697944641 -82.4867172241 -80.4785690308 -41.6073226929 -34.5031376965 1 -8.33102800313 -21.5782037126 23.0635537355 17.642794776 59.857044511 0 0 0 0 0 0 0 
10 0.860975980759 -77.1778564453 -75.169708252 -36.2984619141 -35.7324322504 2 -8.33102787132 -21.5782033712 23.1638118629 17.642794776 59.857044511 0 0 0 0 0 0 0 
