Nr Etime Raw dBm dBmW/m2 sum:dBmW/m2 loop X Y Z 
1 0 -115.536628723 -113.104103088 -75.5441055298 -67.0335661223 1 -50.4075362849 2.15302008167 -1.02620694442 17.588024178 59.871405861 
2 0.0403051376343 -109.612304688 -107.179779053 -69.6197814941 -66.4847050256 2 -50.5325223316 2.13386063413 -1.03687452479 17.588024701 59.871406911 
3 0.220991134644 -107.702880859 -105.270355225 -67.710357666 -66.915257751 3 -50.5325223316 2.13386063413 -1.03687452479 17.588024701 59.871406911 
4 0.373939037323 -117.29094696 -114.858421326 -77.2984237671 -66.9380049012 1 -50.5325220876 2.13386062383 -1.00627508209 17.588024701 59.871406911 
5 0.530596017838 -114.720451355 -112.28792572 -74.7279281616 -67.6011485809 2 -50.5325220876 2.13386062383 -1.00627508209 17.588024701 59.871406911 
6 0.728842020035 -110.117851257 -107.685325623 -70.125328064 -69.8089559016 3 -50.532520585 2.13386056037 -0.817839477366 17.588024701 59.871406911 
7 0.911787986755 -113.897262573 -111.464736938 -73.9047393799 -69.5631105117 1 -50.532520585 2.13386056037 -0.817839477366 17.588024701 59.871406911 
8 1.06034016609 -113.592208862 -111.159683228 -73.5996856689 -69.4301349393 2 -50.4092470894 2.01518199317 -1.01326331673 17.588025577 59.871405562 
9 1.21144914627 -110.576721191 -108.144195557 -70.584197998 -69.7533506616 3 -50.4092470894 2.01518199317 -1.01326331673 17.588025577 59.871405562 
10 1.36838006973 -108.975364685 -106.54283905 -68.9828414917 -67.965462306 1 -50.4092439773 2.01518186876 -0.622048640896 17.588025577 59.871405562 
11 1.52467918396 -108.137481689 -105.704956055 -68.1449584961 -66.6343137328 2 -50.4092435683 2.01518185241 -0.570639673721 17.588025577 59.871405562 
12 1.65916419029 -107.434196472 -105.001670837 -67.4416732788 -65.7146912132 3 -50.4092435683 2.01518185241 -0.570639673721 17.588025577 59.871405562 
13 1.81774616241 -113.183280945 -110.75075531 -73.1907577515 -66.1723611066 1 -50.4092483216 2.01518204243 -1.16816099347 17.588025577 59.871405562 
14 1.97402000427 -107.38054657 -104.948020935 -67.3880233765 -65.8348838303 2 -50.4092483216 2.01518204243 -1.16816099347 17.588025577 59.871405562 
15 2.15346097946 -107.403717041 -104.971191406 -67.4111938477 -65.8202876225 3 -50.5352868268 2.17065832827 -1.15368497411 17.588024336 59.871407019 
16 2.30988717079 -116.270858765 -113.83833313 -76.2783355713 -65.8763076754 1 -50.5352868268 2.17065832827 -1.15368497411 17.588024336 59.871407019 
17 2.47089409828 -109.122993469 -106.690467834 -69.1304702759 -66.5747587062 2 -50.5352858816 2.17065828767 -1.03517056836 17.588024336 59.871407019 
18 2.61461114883 -106.437309265 -104.00478363 -66.4447860718 -65.8732202463 3 -50.5352858816 2.17065828767 -1.03517056836 17.588024336 59.871407019 
19 2.80617499352 -113.622612 -111.190086365 -73.6300888062 -65.8306521173 1 -50.535288505 2.17065840035 -1.36411898319 17.588024336 59.871407019 
20 2.96078109741 -109.326278687 -106.893753052 -69.3337554932 -65.8735319568 2 -50.535288505 2.17065840035 -1.36411898319 17.588024336 59.871407019 
21 3.11692404747 -110.537712097 -108.105186462 -70.5451889038 -68.1678992163 3 -50.6611772437 2.16250856653 -1.0432209669 17.58802475 59.871408102 
22 3.27237010002 -116.441139221 -114.008613586 -76.4486160278 -68.2993864664 1 -50.6611772181 2.16250856543 -1.04001108928 17.58802475 59.871408102 
23 3.45928406715 -108.46295929 -106.030433655 -68.4704360962 -67.7243280447 2 -50.6611772181 2.16250856543 -1.04001108928 17.58802475 59.871408102 
24 3.6112241745 -112.034759521 -109.602233887 -72.0422363281 -68.0414701151 3 -50.6611747437 2.16250845981 -0.73050512224 17.58802475 59.871408102 
25 3.76238799095 -112.055023193 -109.622497559 -72.0625 -67.7643156427 1 -50.6611747437 2.16250845981 -0.73050512224 17.58802475 59.871408102 
26 3.91744017601 -116.119132996 -113.686607361 -76.1266098022 -70.3869624467 2 -50.6611755548 2.16250849443 -0.831969117634 17.58802475 59.871408102 
27 4.0837790966 -114.449203491 -112.016677856 -74.4566802979 -71.2025545697 3 -50.6611755548 2.16250849443 -0.831969117634 17.588028341 59.871406127 
28 4.23579001427 -108.355911255 -105.92338562 -68.3633880615 -68.1793354218 1 -50.5363277712 1.77505706474 -1.14141746029 17.588028341 59.871406127 
29 4.39183306694 -114.67237854 -112.239852905 -74.6798553467 -68.1270501422 2 -50.5363277712 1.77505706474 -1.14141746029 17.588028341 59.871406127 
30 4.54251003265 -115.63759613 -113.205070496 -75.645072937 -68.1772393408 3 -50.5363257765 1.77505699468 -0.891293366121 17.588028341 59.871406127 
31 4.73238420486 -107.585906982 -105.153381348 -67.5933837891 -67.4611576442 1 -50.5363248049 1.77505696055 -0.769464854686 17.588028341 59.871406127 
32 4.87920498848 -112.535865784 -110.103340149 -72.5433425903 -67.3340354333 2 -50.5363248049 1.77505696055 -0.769464854686 17.588028341 59.871406127 
33 5.03893518448 -115.154182434 -112.721656799 -75.1616592407 -67.3222817667 3 -50.5363246546 1.77505695527 -0.750621532139 17.588028341 59.871406127 
34 5.1884291172 -107.834907532 -105.402381897 -67.8423843384 -67.5405347921 1 -50.3490925935 1.56095004001 -0.75062307954 17.588030014 59.871404001 
35 5.37618303299 -114.364257812 -111.931732178 -74.3717346191 -67.6676122986 2 -50.3490927843 1.56095004593 -0.774633481231 17.588030014 59.871404001 
36 5.52657198906 -112.220870972 -109.788345337 -72.2283477783 -67.4790647088 3 -50.3490927843 1.56095004593 -0.774633481231 17.588030014 59.871404001 
37 5.68292498589 -107.604408264 -105.171882629 -67.6118850708 -67.2825220075 1 -50.3490934058 1.5609500652 -0.852857411935 17.588030014 59.871404001 
38 5.83388209343 -110.356399536 -107.923873901 -70.3638763428 -66.8798519178 2 -50.3490934058 1.5609500652 -0.852857411935 17.588030014 59.871404001 
39 5.99562716484 -115.412147522 -112.979621887 -75.4196243286 -67.0271465921 3 -50.3490951452 1.56095011912 -1.071774274 17.588030014 59.871404001 
40 6.18706297874 -111.628005981 -109.195480347 -71.6354827881 -69.2708849566 1 -50.4308245226 1.39274113409 -0.951515487103 17.588031931 59.871404333 
41 6.32280302048 -106.569129944 -104.136604309 -66.5766067505 -66.341474857 2 -50.4308245226 1.39274113409 -0.951515487103 17.588031931 59.871404333 
42 6.4794421196 -114.84664917 -112.414123535 -74.8541259766 -66.3316213212 3 -50.4308208484 1.39274103262 -0.48983738782 17.588031931 59.871404333 
43 6.63256311417 -110.897331238 -108.464805603 -70.9048080444 -66.2573841622 1 -50.4308208484 1.39274103262 -0.489831991977 17.588031931 59.871404333 
44 6.81935405731 -107.972824097 -105.540298462 -67.9803009033 -67.4067999718 2 -50.4308193191 1.39274099038 -0.297680022887 17.588031931 59.871404333 
45 6.97009706497 -110.074836731 -107.642311096 -70.0823135376 -66.9061979738 3 -50.4308193191 1.39274099038 -0.297680022887 17.588031931 59.871404333 
46 7.13245201111 -111.805122375 -109.372596741 -71.8125991821 -67.0271696699 1 -50.4713960164 1.39183806649 -0.215019937893 17.588032047 59.871404686 
47 7.29711699486 -115.134498596 -112.701972961 -75.1419754028 -69.1333924386 2 -50.4713996037 1.39183816542 -0.665419502305 17.588032047 59.871404686 
48 7.48528003693 -111.53943634 -109.106910706 -71.546913147 -69.9609690085 3 -50.4713996037 1.39183816542 -0.665419502305 17.588032047 59.871404686 
49 7.63591599464 -109.583496094 -107.150970459 -69.5909729004 -68.7340137337 1 -50.4713994753 1.39183816187 -0.649295219808 17.588032047 59.871404686 
50 7.78786802292 -111.389778137 -108.957252502 -71.3972549438 -68.2650881071 2 -50.4713994753 1.39183816187 -0.649295219808 17.588032047 59.871404686 
51 7.94170808792 -110.723182678 -108.290657043 -70.7306594849 -68.056809311 3 -50.4714012797 1.39183821163 -0.87584386526 17.588032047 59.871404686 
52 8.12862300873 -110.140892029 -107.708366394 -70.1483688354 -68.3139956982 1 -50.1457742743 1.64175880014 -0.875846391164 17.588028661 59.871402406 
53 8.28458213806 -110.893035889 -108.460510254 -70.9005126953 -68.18309435 2 -50.1457737559 1.64175878317 -0.810342526869 17.588028661 59.871402406 
54 8.42893910408 -113.047058105 -110.614532471 -73.0545349121 -68.6765578644 3 -50.1457737559 1.64175878317 -0.810342526869 17.588028661 59.871402406 
55 8.59077501297 -106.525016785 -104.09249115 -66.5324935913 -66.1668465787 1 -50.145774861 1.64175881935 -0.94999284231 17.588028661 59.871402406 
56 8.77738404274 -114.780677795 -112.348152161 -74.7881546021 -66.3816381763 2 -50.145774861 1.64175881935 -0.94999284231 17.588028661 59.871402406 
57 8.92604017258 -114.475708008 -112.043182373 -74.4831848145 -66.4306359975 3 -50.1457736896 1.641758781 -0.801963005742 17.588028661 59.871402406 
58 9.09012818336 -108.324569702 -105.892044067 -68.3320465088 -68.1054402514 1 -49.9829413282 2.00957467395 -1.0439896232 17.588024511 59.871401819 
59 9.27423906326 -113.412689209 -110.980163574 -73.4201660156 -68.0193684323 2 -49.9829413282 2.00957467395 -1.0439896232 17.588024511 59.871401819 
60 9.46258807182 -108.131446838 -105.698921204 -68.138923645 -66.6307836917 3 -49.9829406549 2.00957464688 -0.958631148533 17.588024511 59.871401819 
61 9.61180114746 -112.543899536 -110.111373901 -72.5513763428 -67.7090408004 1 -49.9829406549 2.00957464688 -0.958631148533 17.588024511 59.871401819 
62 9.76761507988 -107.17175293 -104.739227295 -67.1792297363 -65.9927322562 2 -49.982941328 2.00957467394 -1.04396168504 17.588024511 59.871401819 
63 9.91873812675 -117.487640381 -115.055114746 -77.4951171875 -66.9863349697 3 -49.9829429324 2.00957473844 -1.24736909245 17.588024511 59.871401819 
64 10.1242229939 -112.995651245 -110.56312561 -73.0031280518 -67.0180060237 1 -49.9735446903 2.25947822524 -1.24736908313 17.588021958 59.871402306 
65 10.2696499825 -106.122001648 -103.689476013 -66.1294784546 -66.0286509506 2 -49.9735425021 2.2594781263 -0.969898446279 17.588021958 59.871402306 
66 10.446573019 -112.596786499 -110.164260864 -72.6042633057 -65.9365763696 3 -49.9735425021 2.2594781263 -0.969898446279 17.588021958 59.871402306 
67 10.5834841728 -109.624725342 -107.192199707 -69.6322021484 -65.644962759 1 -49.9735433582 2.25947816501 -1.0784557598 17.588021958 59.871402306 
68 10.7761220932 -110.957725525 -108.52519989 -70.9652023315 -68.3610405449 2 -49.9735433582 2.25947816501 -1.0784557598 17.588021958 59.871402306 
69 10.9276921749 -112.377128601 -109.944602966 -72.3846054077 -68.3285319429 3 -49.9735461999 2.25947829349 -1.43878575112 17.588021958 59.871402306 
70 11.081788063 -114.675109863 -112.242584229 -74.6825866699 -69.8121173379 1 -50.3018829292 2.13085338937 -1.43878319722 17.588024124 59.871404886 
71 11.2414810658 -115.465919495 -113.03339386 -75.4733963013 -71.3801011669 2 -50.3018787683 2.13085321311 -0.914600204516 17.588024124 59.871404886 
72 11.3972799778 -108.966995239 -106.534469604 -68.9744720459 -68.7238944488 3 -50.3018787683 2.13085321311 -0.914600204516 17.588024124 59.871404886 
73 11.5586881638 -114.418182373 -111.985656738 -74.4256591797 -68.7064253662 1 -50.3018793558 2.130853238 -0.988622015398 17.588024124 59.871404886 
74 11.7047791481 -113.321594238 -110.889068604 -73.3290710449 -68.5500729109 2 -50.3018798266 2.13085325794 -1.04792921939 17.588024124 59.871404886 
75 11.8722610474 -109.39389801 -106.961372375 -69.4013748169 -68.8947994657 3 -50.3018798266 2.13085325794 -1.04792921939 17.588024124 59.871404886 
76 12.0253520012 -113.61618042 -111.183654785 -73.6236572266 -68.8201235959 1 -50.301881716 2.13085333798 -1.28594268101 17.588024124 59.871404886 
77 12.1790311337 -114.222114563 -111.789588928 -74.2295913696 -68.9145665806 2 -50.6860851581 1.89034946417 -1.28593969543 17.588027569 59.8714077 
78 12.3302640915 -113.903053284 -111.470527649 -73.9105300903 -71.521607362 3 -50.6860861558 1.89034950138 -1.41067748897 17.588027569 59.8714077 
79 12.4893791676 -109.005058289 -106.572532654 -69.0125350952 -68.6251557346 1 -50.6860861558 1.89034950138 -1.41067748897 17.588027569 59.8714077 
80 12.6724061966 -106.501052856 -104.068527222 -66.5085296631 -65.858908405 2 -50.6860851593 1.89034946421 -1.28609312148 17.588027569 59.8714077 
81 12.8259551525 -109.896362305 -107.46383667 -69.9038391113 -65.5921428467 3 -50.6860851593 1.89034946421 -1.28609312148 17.588027569 59.8714077 
82 12.9769990444 -114.769134521 -112.336608887 -74.7766113281 -66.0562112807 1 -50.6860852827 1.89034946882 -1.30151736861 17.588027569 59.8714077 
83 13.1283020973 -107.708763123 -105.276237488 -67.7162399292 -66.9795952688 2 -50.802834905 1.71316849222 -1.10600474042 17.588029669 59.871408318 
84 13.313160181 -108.435905457 -106.003379822 -68.4433822632 -66.4958984091 3 -50.802834905 1.71316849222 -1.10600474042 17.588029669 59.871408318 
85 13.4797589779 -113.919174194 -111.48664856 -73.926651001 -66.4730563735 1 -50.8028355325 1.71316851338 -1.18427895137 17.588029669 59.871408318 
86 13.6256430149 -108.887008667 -106.454483032 -68.8944854736 -67.0582431145 2 -50.802835533 1.71316851339 -1.18433769572 17.588029669 59.871408318 
87 13.7783432007 -110.207695007 -107.775169373 -70.215171814 -67.8164824073 3 -50.8028364124 1.71316854305 -1.29403760313 17.588029669 59.871408318 
88 13.9652810097 -115.133972168 -112.701446533 -75.1414489746 -67.8730125307 1 -50.8028364124 1.71316854305 -1.29403760313 17.588029669 59.871408318 
89 14.122685194 -114.562744141 -112.130218506 -74.5702209473 -69.7515048462 2 -50.5622922864 1.82896530956 -0.941701181288 17.588027864 59.871406477 
90 14.2763800621 -108.441467285 -106.00894165 -68.4489440918 -68.2310810324 3 -50.5622922864 1.82896530956 -0.941701181288 17.588027864 59.871406477 
91 14.4301981926 -111.979148865 -109.54662323 -71.9866256714 -67.9544071444 1 -50.5622935402 1.82896535492 -1.09883690348 17.588027864 59.871406477 
92 14.6177010536 -116.533866882 -114.101341248 -76.541343689 -68.0168492154 2 -50.5622955913 1.82896542911 -1.35589489428 17.588027864 59.871406477 
93 14.7739920616 -109.714149475 -107.28162384 -69.7216262817 -68.9977779396 3 -50.5622955913 1.82896542911 -1.35589489428 17.588027864 59.871406477 
94 14.9257261753 -112.768112183 -110.335586548 -72.7755889893 -69.1715743624 1 -50.5622939454 1.82896536957 -1.14961723811 17.588027864 59.871406477 
95 15.0806992054 -114.638282776 -112.205757141 -74.6457595825 -69.0722445086 2 -50.5213561653 2.02222471058 -1.14961750594 17.588025801 59.871406559 
96 15.2628161907 -110.297912598 -107.865386963 -70.3053894043 -69.489443379 3 -50.5213562575 2.02222471427 -1.16117548865 17.588025801 59.871406559 
97 15.4201200008 -110.630195618 -108.197669983 -70.6376724243 -68.8071919857 1 -50.5213562575 2.02222471427 -1.16117548865 17.588025801 59.871406559 
98 15.5773282051 -112.963233948 -110.530708313 -72.9707107544 -68.642029056 2 -50.5213506624 2.02222449032 -0.459394140767 17.588025801 59.871406559 
99 15.7273070812 -109.30330658 -106.870780945 -69.3107833862 -68.1228921569 3 -50.5213546662 2.02222465058 -0.961586998031 17.588025801 59.871406559 
100 15.9126579762 -114.505729675 -112.073204041 -74.5132064819 -68.7807494904 1 -50.5213546662 2.02222465058 -0.961586998031 17.588025801 59.871406559 
101 16.0681769848 -109.367660522 -106.935134888 -69.3751373291 -67.7394473644 2 -50.5258747063 2.16949341364 -1.00326951025 17.588024323 59.871406934 
102 16.2211329937 -112.500930786 -110.068405151 -72.5084075928 -68.7557558074 3 -50.5258747063 2.16949341364 -1.00326951025 17.588024323 59.871406934 
103 16.3763780594 -114.555915833 -112.123390198 -74.5633926392 -68.7592587668 1 -50.5258758873 2.16949346435 -1.15138679457 17.588024323 59.871406934 
104 16.5661242008 -108.004997253 -105.572471619 -68.0124740601 -67.6621263801 2 -50.5258758873 2.16949346435 -1.15138679457 17.588024323 59.871406934 
105 16.7217822075 -109.594543457 -107.162017822 -69.6020202637 -67.0891630767 3 -50.5258728018 2.16949333186 -0.76441289914 17.588024323 59.871406934 
106 16.8648400307 -111.343467712 -108.910942078 -71.350944519 -66.8655058499 1 -50.5258728018 2.16949333186 -0.76441289914 17.588024323 59.871406934 
107 17.0283939838 -112.74471283 -110.312187195 -72.7521896362 -68.4737818892 2 -50.526759295 1.95799891766 -0.909711625935 17.588026465 59.87140646 
108 17.2060880661 -113.239219666 -110.806694031 -73.2466964722 -69.9094833506 3 -50.526759295 1.95799891766 -0.909711625935 17.588026465 59.87140646 
109 17.3591930866 -110.335350037 -107.902824402 -70.3428268433 -69.3327501759 1 -50.5267608365 1.9579989774 -1.10303039246 17.588026465 59.87140646 
110 17.5095641613 -113.440246582 -111.007720947 -73.4477233887 -69.4596196268 2 -50.5267608365 1.9579989774 -1.10303039246 17.588026465 59.87140646 
111 17.6718730927 -116.584098816 -114.151573181 -76.5915756226 -69.7804561862 3 -50.5267587475 1.95799889645 -0.841046670996 17.588026465 59.87140646 
112 17.8338270187 -107.619270325 -105.18674469 -67.6267471313 -67.4503475981 1 -50.5267620495 1.95799902441 -1.25516996908 17.588026465 59.87140646 
113 17.9687790871 -112.361534119 -109.929008484 -72.3690109253 -67.3638352227 2 -50.5267620495 1.95799902441 -1.25516996908 17.588026465 59.87140646 
114 18.1309521198 -114.622306824 -112.189781189 -74.6297836304 -67.3188111919 3 -50.7576766408 1.52576646683 -0.985516207387 17.588031446 59.871407496 
115 18.2822260857 -108.942626953 -106.510101318 -68.9501037598 -68.4136416545 1 -50.7576766408 1.52576646683 -0.985516207387 17.588031446 59.871407496 
116 18.4685850143 -111.846420288 -109.413894653 -71.8538970947 -68.3215714724 2 -50.7576763302 1.52576645749 -0.946728469143 17.588031446 59.871407496 
117 18.6198401451 -111.80581665 -109.373291016 -71.813293457 -68.0265170369 3 -50.7576763302 1.52576645749 -0.946728469143 17.588031446 59.871407496 
118 18.7814631462 -109.089431763 -106.656906128 -69.0969085693 -68.1213309466 1 -50.7576762575 1.52576645531 -0.937658371923 17.588031446 59.871407496 
119 18.9350950718 -114.139541626 -111.707015991 -74.1470184326 -68.3913003462 2 -50.7576761945 1.52576645341 -0.929792743479 17.588031446 59.871407496 
120 19.1219100952 -110.17691803 -107.744392395 -70.1843948364 -67.9398654459 3 -50.9402621455 1.36611895463 -0.929791314687 17.588033542 59.87140873 
121 19.2764880657 -110.047714233 -107.615188599 -70.05519104 -68.4501398074 1 -50.9402615435 1.36611893848 -0.854902981261 17.588033542 59.87140873 
122 19.4288539886 -110.321464539 -107.888938904 -70.3289413452 -67.8010282256 2 -50.9402615435 1.36611893848 -0.854902981261 17.588033542 59.87140873 
123 19.5859191418 -113.821746826 -111.389221191 -73.8292236328 -68.4885691156 3 -50.9402619731 1.36611895 -0.908346345964 17.588033542 59.87140873 
124 19.7474811077 -107.537704468 -105.105178833 -67.5451812744 -66.9212751629 1 -50.9402619731 1.36611895 -0.908346345964 17.588033542 59.87140873 
125 19.9002170563 -114.461761475 -112.02923584 -74.4692382812 -67.344965668 2 -50.9402626323 1.36611896768 -0.990345524115 17.588033542 59.87140873 
126 20.0500330925 -111.696075439 -109.263549805 -71.7035522461 -67.1700585572 3 -50.9976166442 1.2243807591 -0.990345092268 17.588035127 59.871408909 
127 20.2070450783 -106.361846924 -103.929321289 -66.3693237305 -66.1432497921 1 -50.9976182776 1.22438079832 -1.19329742146 17.588035127 59.871408909 
128 20.3950200081 -109.023918152 -106.591392517 -69.0313949585 -65.6711573626 2 -50.9976182776 1.22438079832 -1.19329742146 17.588035127 59.871408909 
129 20.5489811897 -115.209075928 -112.776550293 -75.2165527344 -65.7821568032 3 -50.9976153251 1.22438072743 -0.826434093732 17.588035127 59.871408909 
130 20.7036421299 -108.969284058 -106.536758423 -68.9767608643 -67.4375131359 1 -50.997613535 1.22438068445 -0.603997351834 17.588035127 59.871408909 
131 20.853883028 -108.686454773 -106.253929138 -68.6939315796 -67.268985242 2 -50.997613535 1.22438068445 -0.603997351834 17.588035127 59.871408909 
132 21.0397531986 -111.183410645 -108.75088501 -71.1908874512 -66.9872048294 3 -51.0610541096 1.20106126706 -0.534245274657 17.58803553 59.871409411 
133 21.1912920475 -108.086784363 -105.654258728 -68.0942611694 -66.5902526005 1 -51.0610541096 1.20106126706 -0.534245274657 17.58803553 59.871409411 
134 21.3455929756 -112.86101532 -110.428489685 -72.8684921265 -67.4406420175 2 -51.0610566197 1.2010613261 -0.845759096602 17.58803553 59.871409411 
135 21.4999639988 -113.177902222 -110.745376587 -73.1853790283 -67.6859992706 3 -51.0610566197 1.2010613261 -0.845759096602 17.58803553 59.871409411 
136 21.668459177 -107.376220703 -104.943695068 -67.3836975098 -67.0818695805 1 -51.0610562108 1.20106131648 -0.795005099595 17.58803553 59.871409411 
137 21.8108160496 -114.716682434 -112.284156799 -74.7241592407 -67.1704988254 2 -51.0610562108 1.20106131648 -0.795005099595 17.58803553 59.871409411 
138 21.9742259979 -111.062591553 -108.630065918 -71.0700683594 -66.9569780876 3 -51.061058919 1.20106138018 -1.13110419633 17.58803553 59.871409411 
139 22.1193070412 -108.309867859 -105.877342224 -68.3173446655 -67.6918889665 1 -50.7131508926 1.60857180705 -1.13110689944 17.588030491 59.871407295 
140 22.2807509899 -109.14768219 -106.715156555 -69.1551589966 -66.8545441192 2 -50.7131494591 1.60857176158 -0.951988061174 17.588030491 59.871407295 
141 22.4308919907 -112.436752319 -110.004226685 -72.444229126 -67.0058233751 3 -50.7131497461 1.60857177069 -0.987851615851 17.588030491 59.871407295 
142 22.5854279995 -108.98109436 -106.548568726 -68.988571167 -67.3468823076 1 -50.7131497458 1.60857177068 -0.987815669586 17.588030491 59.871407295 
143 22.7387959957 -107.523452759 -105.090927124 -67.5309295654 -66.4898877971 2 -50.7131485611 1.6085717331 -0.839784667157 17.588030491 59.871407295 
144 22.9001710415 -115.404190063 -112.971664429 -75.4116668701 -66.5967172394 3 -50.7131485611 1.6085717331 -0.839784667157 17.588030491 59.871407295 
145 23.0566740036 -106.822364807 -104.389839172 -66.8298416138 -65.6229960932 1 -50.6607192892 1.86486691957 -1.29994967469 17.58802776 59.87140742 
146 23.2083790302 -111.942520142 -109.509994507 -71.9499969482 -66.595743731 2 -50.6607192892 1.86486691957 -1.29994967469 17.58802776 59.87140742 
147 23.3637440205 -114.769668579 -112.337142944 -74.7771453857 -66.5830675153 3 -50.6607156997 1.86486678744 -0.850966514561 17.58802776 59.87140742 
148 23.5520880222 -110.037086487 -107.604560852 -70.0445632935 -69.1226209899 1 -50.6607157001 1.86486678745 -0.851009682636 17.58802776 59.87140742 
149 23.7045640945 -107.889640808 -105.457115173 -67.8971176147 -67.1448019982 2 -50.6607147915 1.86486675401 -0.737365337684 17.58802776 59.87140742 
150 23.8560221195 -116.024497986 -113.591972351 -76.0319747925 -67.1733457019 3 -50.6607147915 1.86486675401 -0.737365337684 17.58802776 59.87140742 
151 24.0079421997 -110.522613525 -108.090087891 -70.530090332 -67.2925205129 1 -50.9617594855 2.14883107059 -0.6908022303 17.58802568 59.871410701 
152 24.1962821484 -108.247459412 -105.814933777 -68.2549362183 -67.5578046257 2 -50.9617594855 2.14883107059 -0.6908022303 17.58802568 59.871410701 
153 24.3570761681 -113.463676453 -111.031150818 -73.4711532593 -67.4612403819 3 -50.9617579659 2.14883100651 -0.501836900092 17.58802568 59.871410701 
154 24.502835989 -115.292778015 -112.86025238 -75.3002548218 -67.9904839163 1 -50.961761468 2.14883115418 -0.937312482933 17.58802568 59.871410701 
155 24.6584591866 -114.908424377 -112.475898743 -74.9159011841 -72.0267694819 2 -50.961761468 2.14883115418 -0.937312482933 17.58802568 59.871410701 
156 24.8464710712 -115.811859131 -113.379333496 -75.8193359375 -72.9284364468 3 -50.9617597832 2.14883108314 -0.727819460356 17.58802568 59.871410701 
157 25.002972126 -110.431480408 -107.998954773 -70.4389572144 -70.0229357944 1 -50.9800860999 2.10477258517 -0.727819328221 17.588026174 59.871410761 
158 25.1575350761 -116.116569519 -113.684043884 -76.1240463257 -70.122526692 2 -50.9800858978 2.10477257682 -0.702694384515 17.588026174 59.871410761 
159 25.3122901917 -113.822311401 -111.389785767 -73.829788208 -69.8982361999 3 -50.9800858978 2.10477257682 -0.702694384515 17.588026174 59.871410761 
160 25.496568203 -109.239433289 -106.806907654 -69.2469100952 -68.9184395977 1 -50.9800880074 2.10477266392 -0.964925220676 17.588026174 59.871410761 
161 25.6488871574 -110.667282104 -108.23475647 -70.6747589111 -68.1736205191 2 -50.9800880074 2.10477266392 -0.964925220676 17.588026174 59.871410761 
162 25.8017570972 -115.069961548 -112.637435913 -75.0774383545 -68.2449326493 3 -50.9800876006 2.10477264712 -0.914352515333 17.588026174 59.871410761 
163 25.9475750923 -113.407173157 -110.974647522 -73.4146499634 -69.9212583059 1 -50.9800897651 2.10477273649 -1.18340767058 17.588026174 59.871410761 
164 26.1372590065 -109.422325134 -106.9897995 -69.4298019409 -68.9735590297 2 -50.8638158738 2.12778162219 -1.18340859716 17.588025635 59.871409796 
165 26.2966752052 -111.299736023 -108.867210388 -71.3072128296 -68.4353793141 3 -50.8638139561 2.12778154197 -0.94449313147 17.588025635 59.871409796 
166 26.4441030025 -116.161155701 -113.728630066 -76.1686325073 -68.5989435603 1 -50.8638139561 2.12778154197 -0.94449313147 17.588025635 59.871409796 
167 26.5996110439 -113.47555542 -111.043029785 -73.4830322266 -70.4651178498 2 -50.8638117904 2.12778145137 -0.674682773217 17.588025635 59.871409796 
168 26.7597160339 -110.347862244 -107.915336609 -70.3553390503 -69.7762811852 3 -50.8638117904 2.12778145137 -0.674682773217 17.588025635 59.871409796 
169 26.919670105 -113.253334045 -110.820808411 -73.2608108521 -69.4760291812 1 -50.8638128477 2.1277814956 -0.806405188226 17.588025635 59.871409796 
170 27.0819821358 -116.189788818 -113.757263184 -76.197265625 -69.7357135661 2 -50.8638128477 2.1277814956 -0.806405188226 17.588024398 59.871410226 
171 27.2395670414 -111.151809692 -108.719284058 -71.159286499 -70.310636957 3 -50.880026991 2.25427298399 -0.817371947497 17.588024398 59.871410226 
172 27.4218730927 -113.941604614 -111.509078979 -73.9490814209 -70.4677943279 1 -50.880027743 2.2542730173 -0.911022627913 17.588024398 59.871410226 
173 27.5714151859 -114.438156128 -112.005630493 -74.4456329346 -70.2833568041 2 -50.880027743 2.2542730173 -0.911022627913 17.588024398 59.871410226 
174 27.7290661335 -112.033889771 -109.601364136 -72.0413665771 -70.831304419 3 -50.8800273991 2.25427300207 -0.868201001821 17.588024398 59.871410226 
175 27.8812110424 -109.064598083 -106.632072449 -69.0720748901 -68.438234411 1 -50.8800273991 2.25427300207 -0.868201001821 17.588024398 59.871410226 
176 28.0457241535 -115.162307739 -112.729782104 -75.1697845459 -68.4773046785 2 -50.880025717 2.25427292754 -0.658694527945 17.588024398 59.871410226 
177 28.1906180382 -113.632377625 -111.19985199 -73.6398544312 -68.7083570651 3 -50.7469946499 1.96936812043 -0.658695690005 17.58802693 59.871408413 
178 28.3442971706 -111.095222473 -108.662696838 -71.1026992798 -70.2742067615 1 -50.7469924719 1.9693680359 -0.386723541063 17.58802693 59.871408413 
179 28.5020132065 -109.333076477 -106.900550842 -69.3405532837 -68.3441435501 2 -50.7469924719 1.9693680359 -0.386723541063 17.58802693 59.871408413 
180 28.6867611408 -115.213577271 -112.781051636 -75.2210540771 -68.4444359461 3 -50.7469940598 1.96936809752 -0.585001440443 17.58802693 59.871408413 
181 28.8369510174 -112.596115112 -110.163589478 -72.6035919189 -68.7889565174 1 -50.7469897458 1.96936793011 -0.0463123176319 17.58802693 59.871408413 
182 28.9881269932 -110.686569214 -108.254043579 -70.6940460205 -69.7573206921 2 -50.7469897458 1.96936793011 -0.0463123176319 17.58802693 59.871408413 
183 29.1464021206 -113.362373352 -110.929847717 -73.3698501587 -69.5332912362 3 -50.4672016259 1.61957035474 -0.673374060827 17.588029732 59.871405168 
184 29.3024640083 -109.348815918 -106.916290283 -69.3562927246 -68.2071517099 1 -50.4672016259 1.61957035474 -0.673374060827 17.588029732 59.871405168 
185 29.4611821175 -115.559364319 -113.126838684 -75.5668411255 -68.9338259666 2 -50.4672012861 1.61957034383 -0.630701457043 17.588029732 59.871405168 
186 29.6110479832 -113.24041748 -110.807891846 -73.2478942871 -68.9176217102 3 -50.4672012861 1.61957034383 -0.630701457043 17.588029732 59.871405168 
187 29.7675800323 -106.866546631 -104.434020996 -66.8740234375 -66.7243192342 1 -50.467198583 1.61957025709 -0.291292781662 17.588029732 59.871405168 
188 29.9486160278 -113.088401794 -110.65587616 -73.0958786011 -66.6472446248 2 -50.467198583 1.61957025709 -0.291296318721 17.588029732 59.871405168 
189 30.1068232059 -113.859214783 -111.426689148 -73.8666915894 -66.6731623225 3 -50.4879797352 1.50725604278 -0.373007572369 17.588030923 59.871405094 
190 30.2596821785 -106.561088562 -104.128562927 -66.5685653687 -66.3930265939 1 -50.4879797352 1.50725604278 -0.373007572369 17.588030923 59.871405094 
191 30.4113559723 -112.613304138 -110.180778503 -72.6207809448 -66.3689178256 2 -50.4879829505 1.50725613876 -0.776565017739 17.588030923 59.871405094 
192 30.5954680443 -115.024734497 -112.592208862 -75.0322113037 -66.3976576723 3 -50.4879829505 1.50725613876 -0.776565017739 17.588030923 59.871405094 
193 30.732542038 -107.759971619 -105.327445984 -67.7674484253 -67.478683374 1 -50.4879834144 1.50725615261 -0.834783834731 17.588030923 59.871405094 
194 30.8831820488 -111.226470947 -108.793945312 -71.2339477539 -67.3040745503 2 -50.4879834144 1.50725615261 -0.834783834731 17.588030923 59.871405094 
195 31.0420081615 -112.107948303 -109.675422668 -72.1154251099 -67.1357353797 3 -50.5756546355 1.33070949431 -0.716641272292 17.58803294 59.871405459 
196 31.2238361835 -110.574203491 -108.141677856 -70.5816802979 -68.8362688028 1 -50.5756552591 1.33070951072 -0.794783131405 17.58803294 59.871405459 
197 31.3717210293 -107.803268433 -105.370742798 -67.8107452393 -67.0540869204 2 -50.5756552591 1.33070951072 -0.794783131405 17.58803294 59.871405459 
198 31.534963131 -115.983131409 -113.550605774 -75.9906082153 -67.2372629586 3 -50.5756529519 1.33070945001 -0.505703123829 17.58803294 59.871405459 
199 31.6843540668 -109.631477356 -107.198951721 -69.6389541626 -66.9979172756 1 -50.5756529519 1.33070945001 -0.505703123829 17.58803294 59.871405459 
200 31.8720211983 -111.112564087 -108.680038452 -71.1200408936 -68.6743978627 2 -50.5756513664 1.33070940829 -0.307045155424 17.58803294 59.871405459 
201 32.0049221516 -111.234855652 -108.802330017 -71.2423324585 -68.1518395379 3 -50.5756513664 1.33070940829 -0.307045155424 17.58803294 59.871405459 
202 32.1548399925 -107.831581116 -105.399055481 -67.8390579224 -67.0634176577 1 -50.6871061693 1.24367965165 -0.370162380258 17.588034114 59.871406236 
203 32.3112859726 -116.317146301 -113.884620667 -76.3246231079 -67.3918277677 2 -50.6871062942 1.24367965472 -0.385780601628 17.588034114 59.871406236 
204 32.4998931885 -108.508491516 -106.075965881 -68.5159683228 -66.6210580018 3 -50.6871062942 1.24367965472 -0.385780601628 17.588034114 59.871406236 
205 32.6528120041 -108.329589844 -105.897064209 -68.3370666504 -66.8911533295 1 -50.6871059143 1.24367964539 -0.338282004981 17.588034114 59.871406236 
206 32.8026452065 -113.532966614 -111.100440979 -73.5404434204 -66.8189541575 2 -50.6871059143 1.24367964539 -0.338282004981 17.588034114 59.871406236 
207 32.96144104 -109.951164246 -107.518638611 -69.9586410522 -67.3645537214 3 -50.6871056644 1.24367963926 -0.307044282658 17.588034114 59.871406236 
208 33.145840168 -107.037872314 -104.60534668 -67.0453491211 -66.4562530701 1 -50.5507414269 1.36405920987 -0.307045346318 17.588032537 59.871405317 
209 33.3010540009 -112.578605652 -110.146080017 -72.5860824585 -66.4108327203 2 -50.5507427031 1.36405924431 -0.467030307388 17.588032537 59.871405317 
210 33.4506931305 -112.266487122 -109.833961487 -72.2739639282 -66.7082021433 3 -50.5507427031 1.36405924431 -0.467030307388 17.588032537 59.871405317 
211 33.6056380272 -109.197135925 -106.764610291 -69.2046127319 -68.3917709463 1 -50.5507454737 1.36405931906 -0.814329294195 17.588032537 59.871405317 
212 33.7891790867 -111.899559021 -109.467033386 -71.9070358276 -68.2792055492 2 -50.5507454737 1.36405931906 -0.814329294195 17.588032537 59.871405317 
213 33.9473450184 -114.950958252 -112.518432617 -74.9584350586 -68.5389124221 3 -50.5507450396 1.36405930735 -0.759915638639 17.588032537 59.871405317 
214 34.096211195 -109.214401245 -106.78187561 -69.2218780518 -68.5516058202 1 -50.4403413643 1.58885528034 -0.759916466798 17.588029972 59.871404863 
215 34.254707098 -111.117134094 -108.684608459 -71.1246109009 -68.3594774469 2 -50.4403402755 1.58885524604 -0.623125767888 17.588029972 59.871404863 
216 34.4086441994 -113.917625427 -111.485099792 -73.9251022339 -68.2970161605 3 -50.4403388389 1.58885520079 -0.442642700467 17.588029972 59.871404863 
217 34.5686051846 -107.102836609 -104.670310974 -67.1103134155 -66.7129518452 1 -50.4403388389 1.58885520079 -0.442642700467 17.588029972 59.871404863 
218 34.7169380188 -113.533195496 -111.100669861 -73.5406723022 -66.9130297813 2 -50.4403370691 1.58885514504 -0.220301527042 17.588029972 59.871404863 
219 34.8710579872 -116.250610352 -113.818084717 -76.2580871582 -66.9703902434 3 -50.4403370691 1.58885514504 -0.220301527042 17.588029972 59.871404863 
220 35.0521771908 -108.223251343 -105.790725708 -68.2307281494 -68.0011753692 1 -50.4403414768 1.58885528388 -0.774042690016 17.588029972 59.871404863 
221 35.2048280239 -113.674125671 -111.241600037 -73.681602478 -68.0118451217 2 -50.3912123899 1.85045838676 -0.774043009242 17.588027196 59.871405029 
222 35.3645381927 -108.625778198 -106.193252563 -68.6332550049 -66.8232355888 3 -50.3912133519 1.85045842209 -0.895015346177 17.588027196 59.871405029 
223 35.5116400719 -114.005996704 -111.573471069 -74.0134735107 -68.2706532784 1 -50.3912133519 1.85045842209 -0.895015346177 17.588027196 59.871405029 
224 35.6979231834 -113.200172424 -110.76764679 -73.207649231 -68.2272566676 2 -50.3912124194 1.85045838785 -0.777752096329 17.588027196 59.871405029 
225 35.847205162 -109.20174408 -106.769218445 -69.2092208862 -68.6935606295 3 -50.3912124194 1.85045838785 -0.777752096329 17.588027196 59.871405029 
226 36.0077111721 -113.68132019 -111.248794556 -73.6887969971 -68.6635458276 1 -50.3912137943 1.85045843834 -0.950651136907 17.588027196 59.871405029 
227 36.1537671089 -109.53780365 -107.105278015 -69.5452804565 -67.721838762 2 -50.5026144357 2.17411367446 -0.918742028826 17.588024215 59.871406741 
228 36.3417789936 -107.178817749 -104.746292114 -67.1862945557 -66.4751204242 3 -50.5026144357 2.17411367446 -0.918742028826 17.588024215 59.871406741 
229 36.4774491787 -110.870368958 -108.437843323 -70.8778457642 -66.2768989933 1 -50.5026125799 2.17411359456 -0.685885344668 17.588024215 59.871406741 
230 36.6363601685 -112.207069397 -109.774543762 -72.2145462036 -66.647893213 2 -50.5026125799 2.17411359456 -0.685885344668 17.588024215 59.871406741 
231 36.787320137 -105.881080627 -103.448554993 -65.8885574341 -65.5760333146 3 -50.5026116215 2.17411355331 -0.56563391764 17.588024215 59.871406741 
232 36.9751651287 -115.565986633 -113.133460999 -75.5734634399 -65.7500526916 1 -50.5026116215 2.17411355331 -0.56563391764 17.588024215 59.871406741 
233 37.1278719902 -106.825523376 -104.392997742 -66.8330001831 -64.7894952337 2 -50.5932579823 2.49671525193 -0.505474573744 17.58802119 59.871408269 
234 37.2816781998 -110.544548035 -108.1120224 -70.5520248413 -66.4402741547 3 -50.5932595705 2.4967153303 -0.704398879807 17.58802119 59.871408269 
235 37.4379320145 -113.347663879 -110.915138245 -73.355140686 -66.3834868389 1 -50.5932595705 2.4967153303 -0.704398879807 17.58802119 59.871408269 
236 37.6226520538 -106.290161133 -103.857635498 -66.2976379395 -65.9387082537 2 -50.5932632337 2.49671551108 -1.16321496314 17.58802119 59.871408269 
237 37.7577621937 -108.464775085 -106.032249451 -68.4722518921 -65.5575292117 3 -50.5932632337 2.49671551108 -1.16321496314 17.58802119 59.871408269 
238 37.9108741283 -114.511131287 -112.078605652 -74.5186080933 -65.5825075245 1 -50.5932655361 2.4967156247 -1.45159870055 17.58802119 59.871408269 
239 38.05945611 -107.226364136 -104.793838501 -67.2338409424 -66.2128769119 2 -50.7409015296 2.60127507409 -1.45159747806 17.588020521 59.871409799 
240 38.2494320869 -114.484046936 -112.051521301 -74.4915237427 -67.0863664691 3 -50.7408983501 2.60127491109 -1.05452708252 17.588020521 59.871409799 
241 38.4067649841 -110.214485168 -107.781959534 -70.2219619751 -66.6843922007 1 -50.7408983501 2.60127491109 -1.05452708252 17.588020521 59.871409799 
242 38.5718460083 -106.221557617 -103.789031982 -66.2290344238 -65.8672974154 2 -50.7408970695 2.60127484544 -0.894600256609 17.588020521 59.871409799 
243 38.7076070309 -115.307411194 -112.874885559 -75.3148880005 -65.8802484157 3 -50.7408970695 2.60127484544 -0.894600256609 17.588020521 59.871409799 
244 38.9042620659 -113.893341064 -111.46081543 -73.9008178711 -66.1345918798 1 -50.740897957 2.60127489094 -1.00543126259 17.588020521 59.871409799 
245 39.0565290451 -108.063423157 -105.630897522 -68.0708999634 -67.8564162276 2 -50.740897957 2.60127489094 -1.00543126259 17.588020521 59.871409799 
246 39.2076170444 -107.592704773 -105.160179138 -67.6001815796 -66.2525584508 3 -50.595730982 2.5921503508 -0.834156123898 17.588020231 59.871408508 
247 39.3629891872 -114.025657654 -111.593132019 -74.0331344604 -66.25635315 1 -50.5957275911 2.59215017708 -0.409474893758 17.588020231 59.871408508 
248 39.5516121387 -115.790229797 -113.357704163 -75.797706604 -67.4438965855 2 -50.5957275911 2.59215017708 -0.409474893758 17.588020231 59.871408508 
249 39.6856861115 -108.463546753 -106.031021118 -68.4710235596 -68.2415871857 3 -50.5957307098 2.59215033685 -0.800065073697 17.588020231 59.871408508 
250 39.8408770561 -111.643783569 -109.211257935 -71.651260376 -67.9598303759 1 -50.5957307098 2.59215033685 -0.800065073697 17.588020231 59.871408508 
251 39.993527174 -115.542243958 -113.109718323 -75.5497207642 -67.9527317198 2 -50.5957289772 2.59215024809 -0.583075656635 17.588020231 59.871408508 
252 40.1798071861 -112.775177002 -110.342651367 -72.7826538086 -70.4237126764 3 -50.4434865478 2.06758751038 -0.583077063204 17.588025137 59.871405981 
253 40.3094279766 -109.720619202 -107.288093567 -69.7280960083 -69.136022078 1 -50.4434855002 2.06758746745 -0.451482673632 17.588025137 59.871405981 
254 40.4654810429 -114.683395386 -112.250869751 -74.6908721924 -69.0817655731 2 -50.4434855002 2.06758746745 -0.451482673632 17.588025137 59.871405981 
255 40.6215150356 -114.588684082 -112.156158447 -74.5961608887 -69.3177735449 3 -50.443479745 2.06758723155 0.271502665489 17.588025137 59.871405981 
256 40.8082940578 -106.787002563 -104.354476929 -66.7944793701 -66.680549566 1 -50.443479745 2.06758723155 0.271502665489 17.588025137 59.871405981 
257 40.9395561218 -115.033859253 -112.601333618 -75.0413360596 -66.6886557033 2 -50.4434798411 2.06758723549 0.259431694217 17.588025137 59.871405981 
258 41.0987951756 -113.573036194 -111.140510559 -73.5805130005 -66.6549746277 3 -50.3075494495 1.80742960497 0.25943053467 17.588027411 59.871404199 
259 41.2521731853 -109.217185974 -106.784660339 -69.2246627808 -68.8229966381 1 -50.3075529693 1.80742973143 -0.183932131116 17.588027411 59.871404199 
260 41.4470021725 -115.766441345 -113.33391571 -75.7739181519 -68.8587700412 2 -50.3075555039 1.80742982249 -0.503183899938 17.588027411 59.871404199 
261 41.5904281139 -112.543968201 -110.111442566 -72.5514450073 -68.7140572096 3 -50.3075555039 1.80742982249 -0.503183899938 17.588027411 59.871404199 
262 41.7467260361 -108.416221619 -105.983695984 -68.4236984253 -68.0581958033 1 -50.3075548292 1.80742979825 -0.418199144341 17.588027411 59.871404199 
263 41.8989109993 -117.342666626 -114.910140991 -77.3501434326 -68.0905233753 2 -50.3075548292 1.80742979825 -0.418199144341 17.588027411 59.871404199 
264 42.0883500576 -111.843955994 -109.411430359 -71.8514328003 -67.9871466645 3 -50.3414526525 1.69477414996 -0.424099036224 17.58802864 59.871404239 
265 42.2366139889 -107.501724243 -105.069198608 -67.5092010498 -67.2130132449 1 -50.3414520584 1.69477412996 -0.349312342139 17.58802864 59.871404239 
266 42.3941221237 -112.11479187 -109.682266235 -72.1222686768 -67.0161816835 2 -50.3414520586 1.69477412997 -0.349337788429 17.58802864 59.871404239 
267 42.55321908 -114.32901001 -111.896484375 -74.3364868164 -67.182027757 3 -50.3414504078 1.69477407439 -0.141540998114 17.58802864 59.871404239 
268 42.7024991512 -107.600837708 -105.168312073 -67.6083145142 -67.2670033489 1 -50.3414504078 1.69477407439 -0.141540998114 17.58802864 59.871404239 
269 42.8941600323 -110.809425354 -108.376899719 -70.8169021606 -67.0836570621 2 -50.341452621 1.6947741489 -0.42012874852 17.58802864 59.871404239 
270 43.0444030762 -116.636978149 -114.204452515 -76.6444549561 -67.1346142876 3 -50.341452621 1.6947741489 -0.42012874852 17.58802864 59.871404239 
271 43.2096099854 -108.328102112 -105.895576477 -68.3355789185 -67.6988435622 1 -50.5323273168 1.60865009887 -0.43261102079 17.588030014 59.871405713 
272 43.3555440903 -109.372329712 -106.939804077 -69.3798065186 -67.2613270504 2 -50.5323273168 1.60865009887 -0.432607201322 17.588030014 59.871405713 
273 43.5142540932 -116.385673523 -113.953147888 -76.3931503296 -67.2577903849 3 -50.5323308975 1.60865021286 -0.881630417524 17.588030014 59.871405713 
274 43.6719269753 -110.649353027 -108.216827393 -70.656829834 -68.3660665914 1 -50.5323308975 1.60865021286 -0.881630417524 17.588030014 59.871405713 
275 43.8245120049 -111.999679565 -109.567153931 -72.0071563721 -69.6251389801 2 -50.5323315036 1.60865023215 -0.957634969205 17.588030014 59.871405713 
276 43.9804940224 -109.555114746 -107.122589111 -69.5625915527 -68.1364199837 3 -50.5323247962 1.60865001863 -0.116519973391 17.588030014 59.871405713 
277 44.1433331966 -108.725189209 -106.292663574 -68.7326660156 -67.334646648 1 -50.5326005533 1.52549474092 -0.116519991244 17.588030856 59.871405526 
278 44.2947900295 -114.622695923 -112.190170288 -74.6301727295 -67.5193287142 2 -50.5326010913 1.52549475716 -0.183978817979 17.588030856 59.871405526 
279 44.446213007 -109.025360107 -106.592834473 -69.0328369141 -67.2969727391 3 -50.5326010913 1.52549475716 -0.183978817979 17.588030856 59.871405526 
280 44.6033120155 -109.397903442 -106.965377808 -69.405380249 -67.6182560169 1 -50.532595859 1.52549459921 0.472142732767 17.588030856 59.871405526 
281 44.7914931774 -114.573356628 -112.140830994 -74.5808334351 -67.6162810703 2 -50.532595859 1.52549459921 0.472142732767 17.588030856 59.871405526 
282 44.9633841515 -111.831466675 -109.39894104 -71.8389434814 -68.6465546549 3 -50.5326050502 1.52549487668 -0.680431378262 17.588030856 59.871405526 
283 45.0978879929 -107.294960022 -104.862434387 -67.3024368286 -66.9823679709 1 -50.3802703575 1.63390832379 -0.680455844319 17.588029358 59.87140444 
284 45.2567720413 -114.563766479 -112.131240845 -74.5712432861 -66.9820775268 2 -50.3802693634 1.63390829155 -0.555419249569 17.588029358 59.87140444 
285 45.4403831959 -110.577552795 -108.145027161 -70.5850296021 -66.8079859764 3 -50.3802693634 1.63390829155 -0.555419249569 17.588029358 59.87140444 
286 45.5939199924 -107.760673523 -105.328147888 -67.7681503296 -67.1704198036 1 -50.380271898 1.63390837375 -0.874224250542 17.588029358 59.87140444 
287 45.7494421005 -112.834892273 -110.402366638 -72.8423690796 -67.0846582807 2 -50.380271898 1.63390837375 -0.874224250542 17.588029358 59.87140444 
288 45.9034290314 -113.474342346 -111.041816711 -73.4818191528 -67.4297672815 3 -50.3802656187 1.63390817011 -0.0844157548073 17.588029358 59.87140444 
289 46.0870900154 -107.029708862 -104.597183228 -67.0371856689 -66.7902597134 1 -50.3802662539 1.63390819071 -0.164306588748 17.588029358 59.87140444 
290 46.2435421944 -114.266113281 -111.833587646 -74.2735900879 -66.8558037805 2 -50.1710870821 1.87727332734 -0.164308180311 17.588026345 59.871403164 
291 46.3883891106 -113.953147888 -111.520622253 -73.9606246948 -66.8762209294 3 -50.1710845485 1.87727323254 0.155697834174 17.588026345 59.871403164 
292 46.5476081371 -107.795143127 -105.362617493 -67.8026199341 -67.5770598412 1 -50.1710845485 1.87727323254 0.155697834174 17.588026345 59.871403164 
293 46.7001919746 -113.74382782 -111.311302185 -73.7513046265 -67.5501948009 2 -50.1710857451 1.87727327731 0.00456711256139 17.588026345 59.871403164 
294 46.8551461697 -114.786239624 -112.353713989 -74.7937164307 -67.5866363608 3 -50.1710857451 1.87727327731 0.00456711256139 17.588026345 59.871403164 
295 47.0118551254 -112.736961365 -110.30443573 -72.7444381714 -71.2196819264 1 -50.1866577469 1.85918444236 -0.763051828374 17.588026569 59.871403259 
296 47.1579861641 -114.758979797 -112.326454163 -74.766456604 -71.4883583888 2 -50.1866577469 1.85918444236 -0.763051828374 17.588026569 59.871403259 
297 47.3470971584 -109.65146637 -107.218940735 -69.6589431763 -69.0288377271 3 -50.1866573688 1.85918442835 -0.715316051671 17.588026569 59.871403259 
298 47.4974370003 -113.048057556 -110.615531921 -73.0555343628 -69.0818438653 1 -50.1866573688 1.85918442835 -0.715316051671 17.588026569 59.871403259 
299 47.649075985 -114.579788208 -112.147262573 -74.5872650146 -69.0682582853 2 -50.186657833 1.85918444555 -0.773923251032 17.588026569 59.871403259 
300 47.8072721958 -108.265968323 -105.833442688 -68.2734451294 -67.9415146629 3 -50.1866537635 1.85918429479 -0.260081622733 17.588026569 59.871403259 
301 47.995937109 -116.408439636 -113.975914001 -76.4159164429 -68.1100911673 1 -50.1866537635 1.85918429479 -0.260081622733 17.588026569 59.871403259 
302 48.1491889954 -116.185890198 -113.753364563 -76.1933670044 -68.1683546134 2 -50.3340080202 2.0087426101 -0.750578166441 17.588025444 59.871404889 
303 48.30331707 -109.109954834 -106.677429199 -69.1174316406 -68.9641487073 3 -50.3340080202 2.0087426101 -0.750578166441 17.588025444 59.871404889 
304 48.4559919834 -112.955535889 -110.523010254 -72.9630126953 -68.7059954689 1 -50.3340066289 2.00874255458 -0.575423570636 17.588025444 59.871404889 
305 48.6416320801 -109.208084106 -106.775558472 -69.2155609131 -67.4796296616 2 -50.334006017 2.00874253016 -0.49839421821 17.588025444 59.871404889 
306 48.7987720966 -109.761978149 -107.329452515 -69.7694549561 -67.7621685748 3 -50.3340060162 2.00874253012 -0.498283600277 17.588025444 59.871404889 
307 48.956977129 -115.93825531 -113.505729675 -75.9457321167 -67.9152821747 1 -50.3340059491 2.00874252745 -0.489848326447 17.588025444 59.871404889 
308 49.1043570042 -106.832527161 -104.400001526 -66.8400039673 -66.3131697108 2 -50.3769324952 1.97642554476 -0.48984799459 17.588025884 59.871405191 
309 49.2905871868 -110.994308472 -108.561782837 -71.0017852783 -66.5135879134 3 -50.3769351945 1.97642565066 -0.829386172856 17.588025884 59.871405191 
310 49.4542582035 -112.253707886 -109.821182251 -72.2611846924 -66.3913974479 1 -50.3769351945 1.97642565066 -0.829386172856 17.588025884 59.871405191 
311 49.6079030037 -106.067352295 -103.63482666 -66.0748291016 -65.7500551461 2 -50.3769334759 1.97642558323 -0.613208063116 17.588025884 59.871405191 
312 49.759401083 -113.243492126 -110.810966492 -73.2509689331 -65.8785208068 3 -50.3769334756 1.97642558322 -0.613175551456 17.588025884 59.871405191 
313 49.9426341057 -110.485038757 -108.052513123 -70.492515564 -65.7386092304 1 -50.3769337311 1.97642559324 -0.645307979604 17.588025884 59.871405191 
314 50.0956630707 -110.256797791 -107.824272156 -70.2642745972 -68.5990957488 2 -50.4040641001 1.79845123991 -0.645307817302 17.588027756 59.871405023 
315 50.2482960224 -109.304893494 -106.872367859 -69.3123703003 -67.5749261162 3 -50.4040659336 1.79845130533 -0.875808279814 17.588027756 59.871405023 
316 50.3958079815 -112.39074707 -109.958221436 -72.398223877 -67.9340408816 1 -50.40406533 1.79845128379 -0.799932838565 17.588027756 59.871405023 
317 50.5896720886 -114.984481812 -112.551956177 -74.9919586182 -68.7184369734 2 -50.40406533 1.79845128379 -0.799932838565 17.588027756 59.871405023 
318 50.733025074 -110.878860474 -108.446334839 -70.8863372803 -69.7996861956 3 -50.4040653893 1.79845128591 -0.807385805792 17.588027756 59.871405023 
319 50.8846611977 -114.224685669 -111.792160034 -74.2321624756 -70.2103996957 1 -50.4040653893 1.79845128591 -0.807385805792 17.588027756 59.871405023 
320 51.0396301746 -114.401542664 -111.969017029 -74.4090194702 -70.1376858697 2 -50.4012894142 1.83677226911 -0.782650225729 17.588027361 59.871405086 
321 51.2262020111 -111.423805237 -108.991279602 -71.4312820435 -70.5091191163 3 -50.4012894142 1.83677226911 -0.782650225729 17.588027361 59.871405086 
322 51.3842270374 -113.85710907 -111.424583435 -73.8645858765 -70.4381773909 1 -50.4012868048 1.83677217402 -0.454576359446 17.588027361 59.871405086 
323 51.536837101 -116.200340271 -113.767814636 -76.2078170776 -70.6441033539 2 -50.4012868048 1.83677217402 -0.454576359446 17.588027361 59.871405086 
324 51.6948480606 -110.139343262 -107.706817627 -70.1468200684 -69.6764998794 3 -50.4012873332 1.83677219327 -0.521003829166 17.588027361 59.871405086 
325 51.8740520477 -113.328674316 -110.896148682 -73.336151123 -69.5912418949 1 -50.4012873332 1.83677219327 -0.521003829166 17.588027361 59.871405086 
326 52.0248820782 -115.595748901 -113.163223267 -75.603225708 -69.5583781241 2 -50.3406279518 1.79716003575 -0.432882798309 17.588027602 59.871404465 
327 52.1773700714 -112.923706055 -110.49118042 -72.9311828613 -71.29745272 3 -50.3406287246 1.79716006334 -0.530156223111 17.588027602 59.871404465 
328 52.3400621414 -110.758651733 -108.326126099 -70.76612854 -69.9195805728 1 -50.3406287246 1.79716006334 -0.530156223111 17.588027602 59.871404465 
329 52.4886260033 -115.70941925 -113.276893616 -75.7168960571 -69.9276791798 2 -50.3406285037 1.79716005546 -0.502354602088 17.588027602 59.871404465 
330 52.6493861675 -111.251617432 -108.819091797 -71.2590942383 -69.3732765147 3 -50.3406285037 1.79716005546 -0.502354602088 17.588027602 59.871404465 
331 52.7969520092 -111.526954651 -109.094429016 -71.5344314575 -69.7438973401 1 -50.3406321903 1.79716018707 -0.966414350396 17.588027602 59.871404465 
332 52.9520661831 -116.609222412 -114.176696777 -76.6166992188 -69.7914767892 2 -50.3406321903 1.79716018707 -0.966414350396 17.588027602 59.871404465 
333 53.1408581734 -108.394683838 -105.962158203 -68.4021606445 -67.901858675 3 -50.3424463097 1.5965828616 -0.885538576015 17.588029636 59.871404024 
334 53.2911801338 -113.073356628 -110.640830994 -73.0808334351 -68.1201056672 1 -50.3424463097 1.5965828616 -0.885538576015 17.588029636 59.871404024 
335 53.436424017 -111.525932312 -109.093406677 -71.5334091187 -67.7466275062 2 -50.342444516 1.59658280472 -0.659765370253 17.588029636 59.871404024 
336 53.5918960571 -111.365516663 -108.932991028 -71.3729934692 -69.4862532164 3 -50.3424439722 1.59658278747 -0.591316842886 17.588029636 59.871404024 
337 53.7803111076 -110.581115723 -108.148590088 -70.5885925293 -68.7387896682 1 -50.3424439722 1.59658278747 -0.591316842886 17.588029636 59.871404024 
338 53.9298892021 -114.186141968 -111.753616333 -74.1936187744 -69.2098201948 2 -50.3424439722 1.59658278747 -0.591316842886 17.588029636 59.871404024 
339 54.0851740837 -111.391571045 -108.95904541 -71.3990478516 -69.219405401 3 -50.2195720681 1.53385683602 -0.273825899521 17.588029947 59.871402806 
340 54.2381880283 -107.595161438 -105.162635803 -67.6026382446 -67.1670514286 1 -50.2195757158 1.53385694743 -0.734101555558 17.588029947 59.871402806 
341 54.4247820377 -116.404983521 -113.972457886 -76.4124603271 -67.2224099831 2 -50.2195757158 1.53385694743 -0.734101555558 17.588029947 59.871402806 
342 54.5616919994 -112.463088989 -110.030563354 -72.4705657959 -67.3496365793 3 -50.2195741475 1.53385689953 -0.536209819522 17.588029947 59.871402806 
343 54.7210381031 -106.91191864 -104.479393005 -66.9193954468 -66.7318398379 1 -50.2195741475 1.53385689953 -0.536209819522 17.588029947 59.871402806 
344 54.8684380054 -116.323699951 -113.891174316 -76.3311767578 -66.7308805777 2 -50.2195750765 1.5338569279 -0.653431878273 17.588029947 59.871402806 
345 55.0540020466 -112.793800354 -110.361274719 -72.8012771606 -66.7528112427 3 -50.2357351761 1.39978025634 -0.653431781255 17.588031346 59.871402642 
346 55.2140321732 -108.358444214 -105.925918579 -68.3659210205 -68.0525962828 1 -50.235734582 1.39978023979 -0.578484525227 17.588031346 59.871402642 
347 55.3648691177 -115.443252563 -113.010726929 -75.4507293701 -68.0287393284 2 -50.2357339846 1.39978022314 -0.503133037594 17.588031346 59.871402642 
348 55.5178070068 -111.740768433 -109.308242798 -71.7482452393 -67.8832425399 3 -50.2357339846 1.39978022314 -0.503133037594 17.588031346 59.871402642 
349 55.7038190365 -106.864463806 -104.431938171 -66.8719406128 -66.6159784299 1 -50.2357369291 1.39978030519 -0.874549671747 17.588031346 59.871402642 
350 55.8609411716 -113.77028656 -111.337760925 -73.7777633667 -66.5732962555 2 -50.2357369291 1.39978030519 -0.874549671747 17.588031346 59.871402642 
351 56.0090281963 -113.892631531 -111.460105896 -73.9001083374 -66.703067383 3 -50.2357351744 1.39978025629 -0.653212845298 17.588031346 59.871402642 
352 56.1665391922 -108.141365051 -105.708839417 -68.1488418579 -67.8536627711 1 -50.4425730568 1.0240458948 -0.653211273574 17.588035692 59.871403596 
353 56.3502991199 -109.626846313 -107.194320679 -69.6343231201 -67.1620216846 2 -50.4425732322 1.02404589836 -0.675245351601 17.588035692 59.871403596 
354 56.4870891571 -114.988922119 -112.556396484 -74.9963989258 -67.201031778 3 -50.4425732322 1.02404589836 -0.675245351601 17.588035692 59.871403596 
355 56.6418581009 -108.190895081 -105.758369446 -68.1983718872 -67.2329139053 1 -50.4425837645 1.02404611218 -1.99835718113 17.588035692 59.871403596 
356 56.7901670933 -108.538696289 -106.106170654 -68.5461730957 -66.8095334781 2 -50.4425802977 1.0240460418 -1.56284263329 17.588035692 59.871403596 
357 56.9770112038 -114.440330505 -112.007804871 -74.447807312 -66.7951965835 3 -50.4425802977 1.0240460418 -1.56284263329 17.588035692 59.871403596 
358 57.1290521622 -112.860580444 -110.42805481 -72.868057251 -68.1454336668 1 -50.6728812555 0.896194876049 -0.68326417763 17.588037592 59.87140532 
359 57.2856152058 -108.504852295 -106.07232666 -68.5123291016 -68.1172562142 2 -50.6728812555 0.896194876049 -0.68326417763 17.588037592 59.87140532 
360 57.4422249794 -114.01348114 -111.580955505 -74.0209579468 -68.091846202 3 -50.6728786997 0.896194830848 -0.363653958049 17.588037592 59.87140532 
361 57.624174118 -113.030326843 -110.597801208 -73.0378036499 -68.1100227194 1 -50.6728786998 0.896194830849 -0.363658780219 17.588037592 59.87140532 
362 57.7559211254 -111.073753357 -108.641227722 -71.0812301636 -69.9749320878 2 -50.672878454 0.896194826501 -0.332919887154 17.588037592 59.87140532 
363 57.9173359871 -111.339523315 -108.906997681 -71.3470001221 -69.2811514061 3 -50.672878454 0.896194826501 -0.332919887154 17.588037592 59.87140532 
364 58.0625181198 -109.009391785 -106.57686615 -69.0168685913 -67.8285979078 1 -50.5505599331 0.990280634181 -0.463090425521 17.588036318 59.871404464 
365 58.2261819839 -115.243164062 -112.810638428 -75.2506408691 -68.288378178 2 -50.5505599331 0.990280634181 -0.463090425521 17.588036318 59.871404464 
366 58.3895812035 -112.281478882 -109.848953247 -72.2889556885 -68.483768356 3 -50.5505582541 0.99028060129 -0.252622059554 17.588036318 59.871404464 
367 58.5398001671 -109.935188293 -107.502662659 -69.9426651001 -69.1717621429 1 -50.5505582541 0.99028060129 -0.252622059554 17.588036318 59.871404464 
368 58.6983780861 -112.010856628 -109.578330994 -72.0183334351 -68.7601086426 2 -50.5505703366 0.990280837985 -1.76723466338 17.588036318 59.871404464 
369 58.8462970257 -111.469390869 -109.036865234 -71.4768676758 -68.5743856142 3 -50.550561048 0.990280656022 -0.602849090786 17.588036318 59.871404464 
370 59.0387690067 -108.921211243 -106.488685608 -68.9286880493 -67.9765832384 1 -50.550561048 0.990280656022 -0.602849090786 17.588036318 59.871404464 
371 59.194573164 -113.438354492 -111.005828857 -73.4458312988 -68.1456526637 2 -50.333578733 1.01820936505 -0.541967843547 17.588035464 59.871402629 
372 59.3460111618 -116.594177246 -114.161651611 -76.6016540527 -68.6174629923 3 -50.333578733 1.01820936505 -0.541967843547 17.588035464 59.871402629 
373 59.4978270531 -107.229804993 -104.797279358 -67.2372817993 -67.0889052306 1 -50.3335809513 1.01820940993 -0.821244434879 17.588035464 59.871402629 
374 59.658367157 -115.267799377 -112.835273743 -75.2752761841 -67.1561196872 2 -50.3335809513 1.01820940993 -0.821244434879 17.588035464 59.871402629 
375 59.8047780991 -113.829345703 -111.396820068 -73.8368225098 -67.0851812789 3 -50.3335812638 1.01820941625 -0.860587445449 17.588035464 59.871402629 
376 59.9631249905 -110.565185547 -108.132659912 -70.5726623535 -69.9418522712 1 -50.3335812638 1.01820941625 -0.860587445449 17.588035464 59.871402629 
