Nr Etime Raw dBm dBmW/m2 sum:dBmW/m2 loop X Y Z 
1 0 -114.185371399 -111.752845764 -74.1928482056 -71.0900696822 2 -89.0149298878 6.27306397688 -0.702702444915 17.588084173 59.871753065 
2 0.0363941192627 -115.649032593 -113.216506958 -75.6565093994 -71.6182341807 3 -89.0149298878 6.27306397688 -0.702702444915 17.588084173 59.871753065 
3 0.14315199852 -114.511421204 -112.078895569 -74.5188980103 -72.3189025361 1 -89.0149271948 6.27306378709 -0.510988606912 17.588084173 59.871753065 
4 0.322788953781 -114.570159912 -112.137634277 -74.5776367188 -72.4730166603 2 -89.0149271948 6.27306378709 -0.510988606912 17.588084173 59.871753065 
5 0.484636068344 -114.607788086 -112.175262451 -74.6152648926 -72.1846309547 3 -89.0907288276 6.2387269422 -0.991925102832 17.58808472 59.87175365 
6 0.631386995316 -115.32674408 -112.894218445 -75.3342208862 -72.4299869151 1 -89.0907288276 6.2387269422 -0.991925102832 17.58808472 59.87175365 
7 0.787649154663 -114.595108032 -112.162582397 -74.6025848389 -72.4392326127 2 -89.0907316588 6.23872714046 -1.1933008783 17.58808472 59.87175365 
8 0.950813055038 -114.698654175 -112.26612854 -74.7061309814 -72.4721502046 3 -89.0907316588 6.23872714046 -1.1933008783 17.58808472 59.87175365 
9 1.13469004631 -114.952522278 -112.519996643 -74.9599990845 -72.365499026 1 -89.0907258234 6.23872673182 -0.778244290371 17.58808472 59.87175365 
10 1.28053307533 -115.133842468 -112.701316833 -75.1413192749 -72.5428407226 2 -89.0907258234 6.23872673182 -0.778244290371 17.58808472 59.87175365 
11 1.43891596794 -116.865951538 -114.433425903 -76.8734283447 -73.1193186342 3 -89.085210457 6.26476859774 -1.24535804846 17.588084442 59.871753661 
12 1.58371210098 -114.518363953 -112.085838318 -74.5258407593 -72.9226064343 1 -89.085210457 6.26476859774 -1.24535804846 17.588084442 59.871753661 
13 1.77554798126 -114.288841248 -111.856315613 -74.2963180542 -72.5793827399 2 -89.085206852 6.26476834422 -0.988928750224 17.588084442 59.871753661 
14 1.8959069252 -113.650794983 -111.218269348 -73.6582717896 -71.7427535993 3 -89.0852087188 6.2647684755 -1.12171529086 17.588084442 59.871753661 
15 2.08482813835 -114.127151489 -111.694625854 -74.1346282959 -71.6269110971 1 -89.0852087188 6.2647684755 -1.12171529086 17.588084442 59.871753661 
16 2.23963594437 -115.85269165 -113.420166016 -75.860168457 -71.9801946967 2 -89.0852106578 6.26476861186 -1.25964241683 17.588084442 59.871753661 
17 2.42463803291 -113.570053101 -111.137527466 -73.5775299072 -71.9425406366 3 -89.0045906716 6.28559310849 -1.25964352845 17.588084019 59.871753003 
18 2.56990408897 -114.71496582 -112.282440186 -74.722442627 -72.1388066894 1 -89.0045927651 6.28559325633 -1.40869234758 17.588084019 59.871753003 
19 2.73049807549 -112.711456299 -110.278930664 -72.7189331055 -71.1381626896 2 -89.0045927651 6.28559325633 -1.40869234758 17.588084019 59.871753003 
20 2.88175415993 -113.921829224 -111.489303589 -73.9293060303 -71.2464234802 3 -89.004584622 6.28559268126 -0.828933803333 17.588084019 59.871753003 
21 3.03237700462 -114.941215515 -112.50868988 -74.9486923218 -71.2902086247 1 -89.004584622 6.28559268126 -0.828933803333 17.588084019 59.871753003 
22 3.17355108261 -111.843910217 -109.411384583 -71.8513870239 -70.798114221 2 -89.0045928105 6.28559325953 -1.41192339027 17.588084019 59.871753003 
23 3.32722997665 -114.243408203 -111.810882568 -74.2508850098 -70.8699686953 3 -89.0045928105 6.28559325953 -1.41192339027 17.588084019 59.871753003 
24 3.47988414764 -116.333755493 -113.901229858 -76.3412322998 -71.0330606601 1 -88.9152656509 6.31482708113 -1.14114646439 17.588083488 59.871752288 
25 3.6662671566 -116.140739441 -113.708213806 -76.1482162476 -72.9754090778 2 -88.9152706493 6.31482743612 -1.49737108619 17.588083488 59.871752288 
26 3.81343603134 -114.41834259 -111.985816956 -74.425819397 -73.0708901118 3 -88.9152706493 6.31482743612 -1.49737108619 17.588083488 59.871752288 
27 3.97301411629 -115.288970947 -112.856445312 -75.2964477539 -72.7920016868 1 -88.9152670905 6.31482718337 -1.2437442198 17.588083488 59.871752288 
28 4.12199306488 -116.136772156 -113.704246521 -76.1442489624 -72.7911553121 2 -88.9152670905 6.31482718337 -1.2437442198 17.588083488 59.871752288 
29 4.30868506432 -114.897598267 -112.465072632 -74.9050750732 -73.0038135762 3 -88.9152643367 6.31482698779 -1.04748712889 17.588083488 59.871752288 
30 4.4489030838 -112.021217346 -109.588691711 -72.0286941528 -71.2731031713 1 -88.9152643367 6.31482698779 -1.04748712889 17.588083488 59.871752288 
31 4.61988902092 -115.263420105 -112.83089447 -75.2708969116 -71.1619165609 2 -88.8568812752 6.41576998623 -1.61587363017 17.588082313 59.871752007 
32 4.7507109642 -114.957725525 -112.52519989 -74.9652023315 -71.1725213221 3 -88.8568812752 6.41576998623 -1.61587363017 17.588082313 59.871752007 
33 4.91147708893 -114.812065125 -112.37953949 -74.8195419312 -72.624897123 1 -88.856878039 6.41576975256 -1.38508304888 17.588082313 59.871752007 
34 5.09360313416 -113.632850647 -111.200325012 -73.6403274536 -72.0042930017 2 -88.856878039 6.41576975256 -1.38508304888 17.588082313 59.871752007 
35 5.25284910202 -115.035835266 -112.603309631 -75.0433120728 -72.0240038523 3 -88.8568767715 6.41576966105 -1.29469260364 17.588082313 59.871752007 
36 5.40628504753 -113.843383789 -111.410858154 -73.8508605957 -71.7107915056 1 -88.8568752792 6.4157695533 -1.18827278554 17.588082313 59.871752007 
37 5.564702034 -114.65397644 -112.221450806 -74.6614532471 -72.0746490914 2 -88.8208266651 6.42605555582 -1.18827328103 17.588082114 59.871751715 
38 5.72836112976 -115.008224487 -112.575698853 -75.0157012939 -72.0675793602 3 -88.8208306671 6.42605584537 -1.47379615848 17.588082114 59.871751715 
39 5.87210702896 -114.413475037 -111.980949402 -74.4209518433 -72.3001613937 1 -88.8208306671 6.42605584537 -1.47379615848 17.588082114 59.871751715 
40 6.03107714653 -114.761520386 -112.328994751 -74.7689971924 -72.3358211755 2 -88.8208346878 6.42605613626 -1.76064508344 17.588082114 59.871751715 
41 6.19007110596 -114.582466125 -112.149940491 -74.5899429321 -72.2030470761 3 -88.8208346878 6.42605613626 -1.76064508344 17.588082114 59.871751715 
42 6.37413215637 -115.404205322 -112.971679688 -75.4116821289 -72.5102458999 1 -88.8208295339 6.42605576338 -1.39294359569 17.588082114 59.871751715 
43 6.52982902527 -115.012748718 -112.580223083 -75.0202255249 -72.5957446035 2 -88.7587566318 6.37826668667 -1.3929445125 17.588082434 59.871751063 
44 6.68265199661 -115.30216217 -112.869636536 -75.3096389771 -72.855168468 3 -88.7587541502 6.37826650833 -1.21576883325 17.588082434 59.871751063 
45 6.83427810669 -115.141807556 -112.709281921 -75.1492843628 -72.7708919719 1 -88.7587541502 6.37826650833 -1.21576883325 17.588082434 59.871751063 
46 6.99372792244 -114.905006409 -112.472480774 -74.9124832153 -72.7320369593 2 -88.758757539 6.37826675186 -1.45770890599 17.588082434 59.871751063 
47 7.15115714073 -114.759979248 -112.327453613 -74.7674560547 -72.5518083427 3 -88.758757539 6.37826675186 -1.45770890599 17.588082434 59.871751063 
48 7.30524802208 -115.22694397 -112.794418335 -75.2344207764 -72.5771988218 1 -88.7587551443 6.37826657977 -1.28674586655 17.588082434 59.871751063 
49 7.46192193031 -111.393455505 -108.960929871 -71.400932312 -70.6963565284 2 -88.713886335 6.35877764765 -1.28985402788 17.588082513 59.871750626 
50 7.65317106247 -114.079238892 -111.646713257 -74.0867156982 -70.5770598683 3 -88.713886335 6.35877764765 -1.28985402788 17.588082513 59.871750626 
51 7.8132879734 -114.466148376 -112.033622742 -74.4736251831 -70.4729149113 1 -88.7138860488 6.35877762714 -1.26941331003 17.588082513 59.871750626 
52 7.95775914192 -116.020767212 -113.588241577 -76.0282440186 -72.32989334 2 -88.7138860488 6.35877762714 -1.26941331003 17.588082513 59.871750626 
53 8.11426115036 -113.489807129 -111.057281494 -73.4972839355 -72.0475335603 3 -88.7138892863 6.35877785919 -1.50066755384 17.588082513 59.871750626 
54 8.28650712967 -115.313835144 -112.881309509 -75.3213119507 -72.290219803 1 -88.7138892863 6.35877785919 -1.50066755384 17.588082513 59.871750626 
55 8.4385240078 -113.76940918 -111.336883545 -73.7768859863 -71.6783820271 2 -88.707119701 6.35622586116 -1.11873480316 17.588082521 59.871750561 
56 8.59176802635 -112.897819519 -110.465293884 -72.9052963257 -71.4022186512 3 -88.707119701 6.35622586116 -1.11873480316 17.588082521 59.871750561 
57 8.74977612495 -115.207794189 -112.775268555 -75.2152709961 -71.3844145282 1 -88.7071252498 6.35622625876 -1.51511767929 17.588082521 59.871750561 
58 8.92955613136 -114.349868774 -111.91734314 -74.3573455811 -71.5606225418 2 -88.7071269295 6.35622637911 -1.63510351898 17.588082521 59.871750561 
59 9.08703804016 -113.18547821 -110.752952576 -73.1929550171 -71.7107358658 3 -88.7071269295 6.35622637911 -1.63510351898 17.588082521 59.871750561 
60 9.2435901165 -115.310180664 -112.877655029 -75.3176574707 -71.7307407526 1 -88.7071250706 6.35622624592 -1.50231445262 17.588082521 59.871750561 
61 9.39363503456 -116.933128357 -114.500602722 -76.9406051636 -72.2358265643 2 -88.7271203058 6.33385366303 -1.5023141939 17.5880828 59.871750685 
62 9.57593798637 -114.418678284 -111.986152649 -74.4261550903 -72.9456666091 3 -88.7271205465 6.3338536802 -1.5195012238 17.5880828 59.871750685 
63 9.72805714607 -114.343482971 -111.910957336 -74.3509597778 -72.5714019805 1 -88.7271205465 6.3338536802 -1.5195012238 17.5880828 59.871750685 
64 9.88851904869 -114.36807251 -111.935546875 -74.3755493164 -71.9983899032 2 -88.7271253791 6.33385402519 -1.86464505719 17.5880828 59.871750685 
65 10.0329699516 -116.204544067 -113.772018433 -76.212020874 -72.4380363004 3 -88.7271253791 6.33385402519 -1.86464505719 17.5880828 59.871750685 
66 10.2224230766 -112.756515503 -110.323989868 -72.7639923096 -71.6368659643 1 -88.7271236496 6.33385390172 -1.74112550769 17.5880828 59.871750685 
67 10.3735971451 -115.304443359 -112.871917725 -75.311920166 -71.8638164637 2 -88.7271236496 6.33385390172 -1.74112550769 17.5880828 59.871750685 
68 10.5285329819 -115.243713379 -112.811187744 -75.2511901855 -71.7064911277 3 -88.7440267783 6.33212636819 -1.49560091705 17.588082862 59.871750829 
69 10.6758460999 -113.494247437 -111.061721802 -73.5017242432 -72.1294749577 1 -88.7440296641 6.3321265741 -1.70166265826 17.588082862 59.871750829 
70 10.8635261059 -113.805915833 -111.373390198 -73.8133926392 -71.680762069 2 -88.7440296641 6.3321265741 -1.70166265826 17.588082862 59.871750829 
71 11.0149059296 -114.574203491 -112.141677856 -74.5816802979 -71.5343366815 3 -88.7440299568 6.33212659498 -1.72255952449 17.588082862 59.871750829 
72 11.1736080647 -114.259536743 -111.827011108 -74.2670135498 -71.812011223 1 -88.7440299568 6.33212659498 -1.72255952449 17.588082862 59.871750829 
73 11.3255829811 -114.463256836 -112.030731201 -74.4707336426 -72.0502679408 2 -88.7440282892 6.332126476 -1.60348734399 17.588082862 59.871750829 
74 11.5116379261 -112.395477295 -109.96295166 -72.4029541016 -71.114922086 3 -88.7440282892 6.332126476 -1.60348734399 17.588082521 59.871750966 
75 11.6660320759 -113.499214172 -111.066688538 -73.506690979 -70.9115317504 1 -88.7504709926 6.36751030963 -1.38182439217 17.588082521 59.871750966 
76 11.8161189556 -114.10773468 -111.675209045 -74.1152114868 -70.8377975161 2 -88.7504709926 6.36751030963 -1.38182439217 17.588082521 59.871750966 
77 11.9725041389 -113.105506897 -110.672981262 -73.1129837036 -71.1543501662 3 -88.7504702828 6.3675102587 -1.33114217961 17.588082521 59.871750966 
78 12.1544489861 -115.961128235 -113.5286026 -75.9686050415 -71.7206242125 1 -88.7504703697 6.36751026494 -1.33734914185 17.588082521 59.871750966 
79 12.3092520237 -113.59992218 -111.167396545 -73.6073989868 -71.5385607442 2 -88.7504703697 6.36751026494 -1.33734914185 17.588082521 59.871750966 
80 12.4725091457 -114.588516235 -112.155990601 -74.595993042 -72.1335469485 3 -88.7504698642 6.36751022866 -1.30125126239 17.588082521 59.871750966 
81 12.6189880371 -114.866226196 -112.433700562 -74.8737030029 -71.9027849923 1 -88.7473069673 6.40029411509 -1.30125127229 17.588082181 59.871751013 
82 12.8043251038 -116.059211731 -113.626686096 -76.0666885376 -72.7058698645 2 -88.747305034 6.40029397567 -1.16321019086 17.588082181 59.871751013 
83 12.9362211227 -115.175987244 -112.743461609 -75.1834640503 -72.9328779983 3 -88.747305034 6.40029397567 -1.16321019086 17.588082181 59.871751013 
84 13.0984051228 -116.257766724 -113.825241089 -76.2652435303 -73.4000330101 1 -88.7473007314 6.40029366537 -0.855990009387 17.588082181 59.871751013 
85 13.2474970818 -115.716636658 -113.284111023 -75.7241134644 -73.2939892987 2 -88.7473047523 6.40029395535 -1.14309856114 17.588082181 59.871751013 
86 13.4375770092 -112.961700439 -110.529174805 -72.9691772461 -72.0881836698 3 -88.7473047523 6.40029395535 -1.14309856114 17.588082181 59.871751013 
87 13.6000919342 -114.197288513 -111.764762878 -74.2047653198 -71.6365085449 1 -88.7075679452 6.39973484726 -1.34098515413 17.588082082 59.871750664 
88 13.7496480942 -113.777061462 -111.344535828 -73.784538269 -71.2053325604 2 -88.7075679452 6.39973484726 -1.34098515413 17.588082082 59.871750664 
89 13.9073269367 -112.323410034 -109.890884399 -72.3308868408 -70.8987009793 3 -88.7075669261 6.39973477373 -1.26818211339 17.588082082 59.871750664 
90 14.0927960873 -115.656059265 -113.22353363 -75.6635360718 -71.1437826551 1 -88.7075669261 6.39973477373 -1.26818211339 17.588082082 59.871750664 
91 14.2232789993 -112.483360291 -110.050834656 -72.4908370972 -70.6742575795 2 -88.7075656421 6.3997346811 -1.17646059435 17.588082082 59.871750664 
92 14.3769071102 -111.314109802 -108.881584167 -71.3215866089 -70.1451518279 3 -88.7075656421 6.3997346811 -1.17646059435 17.588082082 59.871750664 
93 14.5424950123 -114.182479858 -111.749954224 -74.189956665 -69.9851028569 1 -88.6943298555 6.3618914654 -1.05913048497 17.58808243 59.871750462 
94 14.7221560478 -115.697921753 -113.265396118 -75.7053985596 -70.5914145726 2 -88.6943298555 6.3618914654 -1.05913048497 17.58808243 59.871750462 
95 14.8724200726 -114.266647339 -111.834121704 -74.2741241455 -72.2356193875 3 -88.6943263776 6.36189121594 -0.810654637278 17.58808243 59.871750462 
96 15.0131299496 -114.788978577 -112.356452942 -74.7964553833 -72.4621788829 1 -88.6943263776 6.36189121594 -0.810654637278 17.58808243 59.871750462 
97 15.1673760414 -115.479637146 -113.047111511 -75.4871139526 -72.4112124933 2 -88.6943264463 6.36189122086 -0.815561883428 17.58808243 59.871750462 
98 15.360626936 -114.514724731 -112.082199097 -74.5222015381 -72.5129706783 3 -88.6943215654 6.36189087077 -0.466842612981 17.58808243 59.871750462 
99 15.5118179321 -115.078887939 -112.646362305 -75.0863647461 -72.6099224992 1 -88.6438261647 6.25513992907 -0.46687456738 17.588083377 59.871749777 
100 15.6639790535 -116.731384277 -114.298858643 -76.738861084 -72.8787710067 2 -88.6438324637 6.25514037357 -0.917172308482 17.588083377 59.871749777 
101 15.81397295 -113.795547485 -111.363021851 -73.803024292 -72.5116405171 3 -88.6438324637 6.25514037357 -0.917172308482 17.588083377 59.871749777 
102 16.0006570816 -114.674026489 -112.241500854 -74.6815032959 -72.379747877 1 -88.6438288102 6.25514011575 -0.655993306419 17.588083377 59.871749777 
103 16.1544101238 -116.409126282 -113.976600647 -76.4166030884 -72.3335757446 2 -88.6438288102 6.25514011575 -0.655993306419 17.588083377 59.871749777 
104 16.3057579994 -114.947868347 -112.515342712 -74.9553451538 -72.8435328894 3 -88.6438320985 6.2551403478 -0.891064379854 17.588083377 59.871749777 
105 16.4630460739 -116.813217163 -114.380691528 -76.8206939697 -73.5233050385 1 -88.602944482 6.15098950359 -0.825879229077 17.588084323 59.871749182 
106 16.6444189548 -114.603126526 -112.170600891 -74.6106033325 -72.8841304554 2 -88.602944482 6.15098950359 -0.825879229077 17.588084323 59.871749182 
107 16.8049221039 -112.749656677 -110.317131042 -72.7571334839 -71.7641011 3 -88.602943954 6.15098946694 -0.78811701543 17.588084323 59.871749182 
108 16.9575190544 -114.015937805 -111.58341217 -74.0234146118 -71.2693822123 1 -88.602943954 6.15098946694 -0.78811701543 17.588084323 59.871749182 
109 17.1146690845 -113.495864868 -111.063339233 -73.5033416748 -70.9795656741 2 -88.6029459119 6.15098960286 -0.928145462537 17.588084323 59.871749182 
110 17.3025479317 -116.207351685 -113.77482605 -76.2148284912 -71.9194016575 3 -88.6029459119 6.15098960286 -0.928145462537 17.588084323 59.871749182 
111 17.4609651566 -114.860313416 -112.427787781 -74.8677902222 -72.2025648977 1 -88.533287131 6.08975964086 -0.98222467244 17.588084759 59.871748433 
112 17.6098151207 -115.790901184 -113.358375549 -75.7983779907 -73.1663463556 2 -88.533287131 6.08975964086 -0.98222467244 17.588084759 59.871748433 
113 17.7632360458 -113.923454285 -111.49092865 -73.9309310913 -72.3482078179 3 -88.5332866008 6.08975960439 -0.94427704502 17.588084759 59.871748433 
114 17.9472200871 -115.6354599 -113.202934265 -75.6429367065 -72.5627608847 1 -88.5332866008 6.08975960439 -0.94427704502 17.588084759 59.871748433 
115 18.1019661427 -114.626678467 -112.194152832 -74.6341552734 -72.2407123625 2 -88.5332865188 6.08975959875 -0.938407342023 17.588084759 59.871748433 
116 18.2533061504 -113.175361633 -110.742835999 -73.1828384399 -71.8650808715 3 -88.5332865188 6.08975959875 -0.938407342023 17.588084759 59.871748433 
117 18.4088349342 -115.208831787 -112.776306152 -75.2163085938 -71.7838555326 1 -88.4314759365 6.04141135057 -1.07392972398 17.58808498 59.871747432 
118 18.6004400253 -114.403625488 -111.971099854 -74.4111022949 -71.7215397842 2 -88.4314730409 6.04141115276 -0.866439593281 17.58808498 59.871747432 
119 18.7516169548 -112.747756958 -110.315231323 -72.7552337646 -71.4928858718 3 -88.4314730409 6.04141115276 -0.866439593281 17.58808498 59.871747432 
120 18.9019420147 -114.349380493 -111.916854858 -74.3568572998 -71.3109202934 1 -88.4314709183 6.04141100775 -0.714340431895 17.58808498 59.871747432 
121 19.0623891354 -115.480316162 -113.047790527 -75.4877929688 -71.524731744 2 -88.4314709183 6.04141100775 -0.714340431895 17.58808498 59.871747432 
122 19.2464520931 -116.570335388 -114.137809753 -76.5778121948 -72.9026487111 3 -88.4314700299 6.04141094705 -0.650679203046 17.58808498 59.871747432 
123 19.3991019726 -115.739181519 -113.306655884 -75.7466583252 -73.5042205922 1 -88.4314700299 6.04141094705 -0.650679203046 17.58808498 59.871747432 
124 19.5574491024 -115.350112915 -112.91758728 -75.3575897217 -73.4510508084 2 -88.3308542021 6.02184090382 -0.832440838181 17.588084913 59.871746507 
125 19.7099001408 -114.504241943 -112.071716309 -74.51171875 -72.7569675832 3 -88.3308549138 6.02184095234 -0.883502878313 17.588084913 59.871746507 
126 19.8985991478 -112.672706604 -110.240180969 -72.6801834106 -71.5004692913 1 -88.3308549138 6.02184095234 -0.883502878313 17.588084913 59.871746507 
127 20.0472750664 -114.134963989 -111.702438354 -74.1424407959 -71.2409543932 2 -88.3308535863 6.02184086184 -0.788269091526 17.588084913 59.871746507 
128 20.2025899887 -113.962875366 -111.530349731 -73.9703521729 -71.1087305148 3 -88.3308535863 6.02184086184 -0.788269091526 17.588084913 59.871746507 
129 20.3506729603 -114.909873962 -112.477348328 -74.917350769 -71.9203854001 1 -88.3308535498 6.02184085935 -0.785649693083 17.588084913 59.871746507 
130 20.5405240059 -115.264411926 -112.831886292 -75.2718887329 -72.2624877396 2 -88.2291481107 5.97352034603 -0.785651155928 17.588085134 59.871745507 
131 20.6987359524 -114.344459534 -111.911933899 -74.3519363403 -72.4280133131 3 -88.2291496654 5.9735204513 -0.897317168605 17.588085134 59.871745507 
132 20.8489379883 -112.382240295 -109.949714661 -72.3897171021 -71.2757583111 1 -88.2291496654 5.9735204513 -0.897317168605 17.588085134 59.871745507 
133 21.001693964 -115.096260071 -112.663734436 -75.1037368774 -71.2481755289 2 -88.2291492258 5.97352042153 -0.865744026855 17.588085134 59.871745507 
134 21.1863510609 -114.672492981 -112.239967346 -74.6799697876 -71.322335645 3 -88.2291484793 5.97352037099 -0.812130554983 17.588085134 59.871745507 
135 21.3391480446 -114.188858032 -111.756332397 -74.1963348389 -72.2427344077 1 -88.2291484793 5.97352037099 -0.812130554983 17.588085134 59.871745507 
136 21.4962580204 -113.924430847 -111.491905212 -73.9319076538 -71.8621189238 2 -88.1313047067 5.9156289568 -0.725663866192 17.588085462 59.871744519 
137 21.6465520859 -113.550697327 -111.118171692 -73.5581741333 -71.49398294 3 -88.131304707 5.91562895682 -0.725689650287 17.588085462 59.871744519 
138 21.8322739601 -113.05330658 -110.620780945 -73.0607833862 -71.1018563288 1 -88.1313034553 5.9156288728 -0.635685250171 17.588085462 59.871744519 
139 21.9868550301 -112.904281616 -110.471755981 -72.9117584229 -70.7741588373 2 -88.1313034553 5.9156288728 -0.635685250171 17.588085462 59.871744519 
140 22.1416580677 -115.810760498 -113.378234863 -75.8182373047 -71.2036791761 3 -88.1313026444 5.91562881837 -0.577382489932 17.588085462 59.871744519 
141 22.2917211056 -115.442497253 -113.009971619 -75.4499740601 -71.9281778052 1 -88.1313035526 5.91562887933 -0.642683507474 17.588085462 59.871744519 
142 22.4848949909 -114.392272949 -111.959747314 -74.3997497559 -72.7508393103 2 -88.0875514368 5.87428941262 -0.642712699516 17.588085765 59.871744042 
143 22.6156311035 -115.431411743 -112.998886108 -75.4388885498 -72.6521789568 3 -88.0875546557 5.87428962728 -0.874273588973 17.588085765 59.871744042 
144 22.776227951 -111.924545288 -109.492019653 -71.9320220947 -71.0230056962 1 -88.0875546557 5.87428962728 -0.874273588973 17.588085765 59.871744042 
145 22.929049015 -113.256576538 -110.824050903 -73.2640533447 -70.728788664 2 -88.0875526933 5.87428949641 -0.733104000965 17.588085765 59.871744042 
146 23.1113331318 -114.774742126 -112.342216492 -74.7822189331 -70.6428816792 3 -88.0875526933 5.87428949641 -0.733104000965 17.588085765 59.871744042 
147 23.2688219547 -113.488121033 -111.055595398 -73.4955978394 -71.3667370647 1 -88.087549653 5.87428929367 -0.51439562663 17.588085765 59.871744042 
148 23.427355051 -112.505470276 -110.072944641 -72.5129470825 -71.0211961774 2 -88.087549653 5.87428929367 -0.51439562663 17.588085765 59.871744042 
149 23.5880141258 -116.163162231 -113.730636597 -76.1706390381 -71.2107190386 3 -88.0382581287 5.80857561003 -0.591303722695 17.5880863 59.871743461 
150 23.763477087 -114.902389526 -112.469863892 -74.909866333 -71.6078022986 1 -88.0382581287 5.80857561003 -0.591303722695 17.5880863 59.871743461 
151 23.9158401489 -115.411491394 -112.978965759 -75.4189682007 -73.0540057691 2 -88.0382633023 5.80857595138 -0.963690445952 17.5880863 59.871743461 
152 24.0719130039 -115.677757263 -113.245231628 -75.6852340698 -72.9282337606 3 -88.0382633023 5.80857595138 -0.963690445952 17.5880863 59.871743461 
153 24.2338850498 -112.934608459 -110.502082825 -72.9420852661 -71.9183103078 1 -88.0382605758 5.80857577149 -0.767444301964 17.5880863 59.871743461 
154 24.4288239479 -112.965820312 -110.533294678 -72.9732971191 -71.1634314174 2 -88.0382599035 5.80857572713 -0.719055144988 17.5880863 59.871743461 
155 24.5722219944 -112.361557007 -109.929031372 -72.3690338135 -70.3576064339 3 -88.0157212239 5.77354926904 -0.719055490681 17.588086595 59.871743184 
156 24.7267320156 -115.504272461 -113.071746826 -75.5117492676 -70.8722597981 1 -88.0157190071 5.77354912362 -0.559449845486 17.588086595 59.871743184 
157 24.883934021 -114.927330017 -112.494804382 -74.9348068237 -71.4286069085 2 -88.0157190071 5.77354912362 -0.559449845486 17.588086595 59.871743184 
158 25.0675020218 -115.467399597 -113.034873962 -75.4748764038 -72.9051050558 3 -88.0157147174 5.77354884223 -0.250610308385 17.588086595 59.871743184 
159 25.2219381332 -112.97328949 -110.540763855 -72.9807662964 -71.7984457662 1 -88.0157147174 5.77354884223 -0.250610308385 17.588086595 59.871743184 
160 25.3795480728 -114.722206116 -112.289680481 -74.7296829224 -71.7482818016 2 -88.0157211222 5.77354926237 -0.711731934458 17.588086595 59.871743184 
161 25.5371501446 -114.013305664 -111.580780029 -74.0207824707 -71.4047542667 3 -88.0020973111 5.73016876796 -0.527015046499 17.588086998 59.871742966 
162 25.7152619362 -114.07849884 -111.645973206 -74.085975647 -71.8704908061 1 -88.0020973111 5.73016876796 -0.527015046499 17.588086998 59.871742966 
163 25.8717520237 -111.769668579 -109.337142944 -71.7771453857 -70.6233885402 2 -88.0020936649 5.73016853055 -0.264463696339 17.588086998 59.871742966 
164 26.0290369987 -114.330657959 -111.898132324 -74.3381347656 -70.6860448221 3 -88.0020936649 5.73016853055 -0.264463696339 17.588086998 59.871742966 
165 26.1821279526 -114.402435303 -111.969909668 -74.4099121094 -70.7498487509 1 -88.0020951748 5.73016862886 -0.37318739989 17.588086998 59.871742966 
166 26.3695020676 -114.259368896 -111.826843262 -74.2668457031 -71.9519058614 2 -88.0020951748 5.73016862886 -0.37318739989 17.588086998 59.871742966 
167 26.527862072 -115.473144531 -113.040618896 -75.4806213379 -72.2701734702 3 -88.0121237763 5.68770540513 -0.599620712753 17.588087454 59.871742957 
168 26.6801731586 -113.831832886 -111.399307251 -73.8393096924 -72.039285387 1 -88.0121237763 5.68770540513 -0.599620712753 17.588087454 59.871742957 
169 26.8334290981 -113.380279541 -110.947753906 -73.3877563477 -71.6818801223 2 -88.0121230314 5.68770535699 -0.545984670663 17.588087454 59.871742957 
170 27.0185649395 -114.870079041 -112.437553406 -74.8775558472 -71.5642545 3 -88.0121230314 5.68770535699 -0.545984670663 17.588087454 59.871742957 
171 27.1692681313 -114.659339905 -112.22681427 -74.6668167114 -71.8200939123 1 -88.0121216062 5.68770526488 -0.443369451217 17.588087454 59.871742957 
172 27.3248579502 -112.696716309 -110.264190674 -72.7041931152 -71.4611660671 2 -88.0121223534 5.68770531318 -0.497173151046 17.588087454 59.871742957 
173 27.4774689674 -112.804244995 -110.37171936 -72.8117218018 -70.8426659237 3 -88.0020881897 5.71790971666 -0.497173264261 17.588087122 59.871742938 
174 27.659938097 -115.209335327 -112.776809692 -75.2168121338 -70.9278143531 1 -88.0020904951 5.71790986645 -0.663173904931 17.588087122 59.871742938 
175 27.8219840527 -114.389518738 -111.956993103 -74.3969955444 -71.5206398344 2 -88.0020904951 5.71790986645 -0.663173904931 17.588087122 59.871742938 
176 27.9681820869 -115.862197876 -113.429672241 -75.8696746826 -72.6917241674 3 -88.0020890811 5.71790977458 -0.561357499661 17.588087122 59.871742938 
177 28.1253261566 -112.322418213 -109.889892578 -72.3298950195 -71.3340029656 1 -88.0020890811 5.71790977458 -0.561357499661 17.588087122 59.871742938 
178 28.2784440517 -115.95035553 -113.517829895 -75.9578323364 -71.6241916188 2 -88.0020883241 5.71790972539 -0.506849816757 17.588087122 59.871742938 
179 28.4633960724 -116.944824219 -114.512298584 -76.9523010254 -71.7483466827 3 -87.9830637117 5.85203113971 -0.802144553718 17.588085715 59.871743077 
180 28.6162569523 -112.184402466 -109.751876831 -72.1918792725 -71.6419781009 1 -87.9830637117 5.85203113971 -0.802144553718 17.588085715 59.871743077 
181 28.7780570984 -115.742416382 -113.309890747 -75.7498931885 -71.6122784123 2 -87.9830609467 5.8520309558 -0.603000460695 17.588085715 59.871743077 
182 28.9260129929 -115.093597412 -112.661071777 -75.1010742188 -71.3758016174 3 -87.9830609467 5.8520309558 -0.603000460695 17.588085715 59.871743077 
183 29.0830049515 -115.954307556 -113.521781921 -75.9617843628 -73.1869650206 1 -87.983059242 5.85203084241 -0.480220158403 17.588085715 59.871743077 
184 29.2338860035 -113.175338745 -110.74281311 -73.1828155518 -72.0414783608 2 -87.983059242 5.85203084241 -0.480220158403 17.588085715 59.871743077 
185 29.4015650749 -112.861457825 -110.42893219 -72.8689346313 -71.2515517686 3 -87.9830585522 5.85203079653 -0.430538998065 17.588085715 59.871743077 
186 29.5488181114 -112.537872314 -110.10534668 -72.5453491211 -70.4645138793 1 -87.9615878685 5.97928902156 -0.430561631542 17.588084371 59.871743179 
187 29.7067279816 -114.454055786 -112.021530151 -74.4615325928 -70.7601282192 2 -87.9615885204 5.97928906587 -0.477526397632 17.588084371 59.871743179 
188 29.8680300713 -113.003883362 -110.571357727 -73.0113601685 -70.8129648139 3 -87.9615885204 5.97928906587 -0.477526397632 17.588084371 59.871743179 
189 30.0192520618 -114.245796204 -111.813270569 -74.2532730103 -71.4239056621 1 -87.9615903986 5.97928919354 -0.612832809656 17.588084371 59.871743179 
190 30.1802339554 -116.518203735 -114.085678101 -76.525680542 -71.7805244776 2 -87.9615903986 5.97928919354 -0.612832809656 17.588084371 59.871743179 
191 30.3421981335 -114.8072052 -112.374679565 -74.8146820068 -72.6181648128 3 -87.961592731 5.97928935209 -0.780863637336 17.588084371 59.871743179 
192 30.4982290268 -115.770469666 -113.337944031 -75.7779464722 -73.2072064827 1 -87.9469636584 6.15972789467 -0.780863668319 17.588082507 59.871743462 
193 30.6543419361 -114.372070312 -111.939544678 -74.3795471191 -72.5301218895 2 -87.9469578032 6.15972748458 -0.358982943995 17.588082507 59.871743462 
194 30.8102221489 -115.528457642 -113.095932007 -75.5359344482 -72.7557602997 3 -87.9469578032 6.15972748458 -0.358982943995 17.588082507 59.871743462 
195 30.9752020836 -113.441261292 -111.008735657 -73.4487380981 -71.907171908 1 -87.9469639415 6.1597279145 -0.801260802534 17.588082507 59.871743462 
196 31.1220290661 -114.987220764 -112.554695129 -74.9946975708 -72.0858999573 2 -87.946960653 6.15972768417 -0.564315207985 17.588082507 59.871743462 
197 31.2755410671 -115.90447998 -113.471954346 -75.9119567871 -72.1575627225 3 -87.946960653 6.15972768417 -0.564315207985 17.588082507 59.871743462 
198 31.4298501015 -114.250404358 -111.817878723 -74.2578811646 -72.5664803504 1 -87.9267084043 6.36618017786 -0.981610360048 17.588080365 59.871743755 
199 31.6201879978 -116.39931488 -113.966789246 -76.406791687 -72.9354687911 2 -87.9267084043 6.36618017786 -0.981610360048 17.588080365 59.871743755 
200 31.7731900215 -113.709747314 -111.27722168 -73.7172241211 -72.138016327 3 -87.9267078063 6.36618013457 -0.938514170539 17.588080365 59.871743755 
201 31.9326300621 -116.964447021 -114.531921387 -76.9719238281 -72.8177709065 1 -87.9267078063 6.36618013457 -0.938514170539 17.588080365 59.871743755 
202 32.0848550797 -114.319831848 -111.887306213 -74.3273086548 -72.2355976877 2 -87.9267020532 6.36617971803 -0.523893207478 17.588080365 59.871743755 
203 32.271944046 -116.33114624 -113.898620605 -76.3386230469 -73.1854455823 3 -87.926704239 6.36617987628 -0.681421790691 17.588080365 59.871743755 
204 32.4213931561 -116.214393616 -113.781867981 -76.2218704224 -73.0341785772 1 -87.926704239 6.36617987628 -0.681421790691 17.588080365 59.871743755 
205 32.5776901245 -112.36895752 -109.936431885 -72.3764343262 -71.7548020421 2 -87.9178638359 6.54634548569 -0.923107825659 17.588078519 59.871744088 
206 32.7300391197 -115.115020752 -112.682495117 -75.1224975586 -71.5658067015 3 -87.9178638359 6.54634548569 -0.923107825659 17.588078519 59.871744088 
207 32.9157180786 -114.16608429 -111.733558655 -74.1735610962 -71.1994947592 1 -87.9178631116 6.54634543177 -0.87090789529 17.588078519 59.871744088 
208 33.0716209412 -114.415550232 -111.983024597 -74.4230270386 -72.1515815927 2 -87.9178631116 6.54634543177 -0.87090789529 17.588078519 59.871744088 
209 33.2230269909 -116.488952637 -114.056427002 -76.4964294434 -72.4275868108 3 -87.9178596733 6.54634517575 -0.623087041103 17.588078519 59.871744088 
210 33.8436861038 -113.647903442 -111.215377808 -73.655380249 -72.002539148 1 -87.8704684079 6.80523791608 -0.876923448359 17.588075775 59.871744263 
211 34.0360040665 -115.587989807 -113.155464172 -75.5954666138 -72.0687013546 2 -87.8704679492 6.80523788055 -0.843845034426 17.588075775 59.871744263 
212 34.1899580956 -113.381637573 -110.949111938 -73.3891143799 -71.6314689162 3 -87.8704679492 6.80523788055 -0.843845034426 17.588075775 59.871744263 
213 34.3551440239 -114.177597046 -111.745071411 -74.1850738525 -71.8249105191 1 -87.8704635448 6.80523753945 -0.52621950326 17.588075775 59.871744263 
214 34.5074551105 -113.951545715 -111.519020081 -73.959022522 -71.4324250246 2 -87.8324029468 7.0107125374 -0.526219806089 17.588073596 59.871744398 
215 34.6604399681 -114.954399109 -112.521873474 -74.9618759155 -71.9423357117 3 -87.832402253 7.01071248203 -0.476170072288 17.588073596 59.871744398 
216 34.8467130661 -111.753417969 -109.320892334 -71.7608947754 -70.7506686805 1 -87.832402253 7.01071248203 -0.476170072288 17.588073596 59.871744398 
217 34.9812500477 -114.244300842 -111.811775208 -74.2517776489 -70.8140868154 2 -87.8324070956 7.01071286856 -0.825546535741 17.588073596 59.871744398 
218 35.140059948 -114.678199768 -112.245674133 -74.6856765747 -70.7709098003 3 -87.8324070956 7.01071286856 -0.825546535741 17.588073596 59.871744398 
219 35.2881970406 -115.216766357 -112.784240723 -75.2242431641 -72.2989665028 1 -87.8324025469 7.01071250548 -0.497367368943 17.588073596 59.871744398 
220 35.4782021046 -113.970153809 -111.537628174 -73.9776306152 -72.1832224733 2 -87.7897302615 7.16981454904 -0.643049986426 17.588071874 59.871744387 
221 35.6345710754 -114.498641968 -112.066116333 -74.5061187744 -72.1248851941 3 -87.7897302615 7.16981454904 -0.643049986426 17.588071874 59.871744387 
222 35.7883901596 -114.86290741 -112.430381775 -74.8703842163 -72.0345697414 1 -87.7897316601 7.16981466326 -0.743996881213 17.588071874 59.871744387 
223 35.9409959316 -115.665290833 -113.232765198 -75.6727676392 -72.5781669076 2 -87.7897316601 7.16981466326 -0.743996881213 17.588071874 59.871744387 
224 36.1079101562 -114.727844238 -112.295318604 -74.7353210449 -72.6695823093 3 -87.7897318423 7.16981467814 -0.757151188551 17.588071874 59.871744387 
225 36.2636089325 -113.663887024 -111.231361389 -73.6713638306 -72.1548494789 1 -87.7897318423 7.16981467814 -0.757151188551 17.588071874 59.871744387 
226 36.4301249981 -116.458564758 -114.026039124 -76.4660415649 -72.2904991656 2 -87.7702989217 7.27388056485 -0.780269900653 17.58807077 59.871744454 
227 36.5798680782 -116.088874817 -113.656349182 -76.0963516235 -72.646098512 3 -87.7702989217 7.27388056485 -0.780269900653 17.58807077 59.871744454 
228 36.7530190945 -114.464881897 -112.032356262 -74.4723587036 -73.1100898257 1 -87.7702942382 7.27388017671 -0.442131666547 17.58807077 59.871744454 
229 36.901556015 -113.639656067 -111.207130432 -73.6471328735 -72.1338003442 2 -87.7702942382 7.27388017671 -0.442131666547 17.58807077 59.871744454 
230 37.0604090691 -113.94165802 -111.509132385 -73.9491348267 -71.6110271211 3 -87.7702970047 7.27388040599 -0.641871514331 17.58807077 59.871744454 
231 37.2066891193 -113.393928528 -110.961402893 -73.4014053345 -71.2687958166 1 -87.7702935021 7.2738801157 -0.388987247275 17.58807077 59.871744454 
232 37.3989429474 -113.070320129 -110.637794495 -73.077796936 -71.0613210173 2 -87.7702935021 7.2738801157 -0.388987247275 17.58807077 59.871744454 
233 37.5445680618 -112.162490845 -109.72996521 -72.1699676514 -70.4328447178 3 -87.714095457 7.37737043129 -0.329344897576 17.588069575 59.871744198 
234 37.6977450848 -114.725959778 -112.293434143 -74.7334365845 -70.7026750398 1 -87.714095457 7.37737043129 -0.329344897576 17.588069575 59.871744198 
235 37.8487930298 -115.306083679 -112.873558044 -75.3135604858 -71.2292159191 2 -87.7141037244 7.37737112663 -0.926608735716 17.588069575 59.871744198 
236 38.0393569469 -114.823959351 -112.391433716 -74.8314361572 -72.5594541883 3 -87.7141037244 7.37737112663 -0.926608735716 17.588069575 59.871744198 
237 38.1933760643 -112.497932434 -110.065406799 -72.5054092407 -71.4618636329 1 -87.7140991817 7.37737074457 -0.598431036363 17.588069575 59.871744198 
238 38.3451139927 -113.15839386 -110.725868225 -73.1658706665 -70.9147238938 2 -87.7140991817 7.37737074457 -0.598431036363 17.588069575 59.871744198 
239 38.5025210381 -114.15271759 -111.720191956 -74.160194397 -70.7889050215 3 -87.6310700706 7.51282083758 -0.729475930565 17.588067986 59.87174378 
240 38.69029212 -114.817512512 -112.384986877 -74.8249893188 -71.5564458997 1 -87.6310743479 7.51282120429 -1.03877715393 17.588067986 59.87174378 
241 38.8388600349 -114.803749084 -112.37122345 -74.8112258911 -72.1903585206 2 -87.6310743479 7.51282120429 -1.03877715393 17.588067986 59.87174378 
242 38.9970021248 -114.298149109 -111.865623474 -74.3056259155 -72.2478986297 3 -87.6310743479 7.51282120429 -1.03877715393 17.588067986 59.87174378 
243 39.1490221024 -113.421379089 -110.988853455 -73.428855896 -71.7198192498 1 -87.631071095 7.51282092541 -0.803553518209 17.588067986 59.87174378 
244 39.3444881439 -115.293083191 -112.860557556 -75.3005599976 -71.8279827488 2 -87.6310781293 7.51282152848 -1.31222310116 17.588067986 59.87174378 
245 39.491079092 -115.138801575 -112.70627594 -75.1462783813 -72.062955037 3 -87.5173795553 7.59442411497 -1.31222457606 17.588066861 59.871742971 
246 39.6489880085 -114.883636475 -112.45111084 -74.8911132812 -72.7204359972 1 -87.5173732119 7.59442356452 -0.852924347062 17.588066861 59.871742971 
247 39.7936661243 -113.88961792 -111.457092285 -73.8970947266 -72.1896742825 2 -87.5173732119 7.59442356452 -0.852924347062 17.588066861 59.871742971 
248 39.9820959568 -113.541053772 -111.108528137 -73.5485305786 -71.6560229373 3 -87.51737773 7.59442395658 -1.1800629971 17.588066861 59.871742971 
249 40.1170101166 -115.331985474 -112.899459839 -75.3394622803 -71.7493118181 1 -87.51737183 7.5944234446 -0.752865409534 17.588066861 59.871742971 
250 40.2758829594 -113.097045898 -110.664520264 -73.1045227051 -71.4198643373 2 -87.51737183 7.5944234446 -0.752865409534 17.588066861 59.871742971 
251 40.4410221577 -114.094024658 -111.661499023 -74.1015014648 -71.6112193053 3 -87.4454852393 7.66555960659 -0.907763125949 17.588065952 59.871742504 
252 40.584800005 -114.5727005 -112.140174866 -74.5801773071 -71.4538000375 1 -87.4454852393 7.66555960659 -0.907763125949 17.588065952 59.871742504 
253 40.7492411137 -114.948753357 -112.516227722 -74.9562301636 -72.1320648469 2 -87.4454862324 7.66555969365 -0.979732492864 17.588065952 59.871742504 
254 40.8960340023 -116.051368713 -113.618843079 -76.05884552 -72.7274987384 3 -87.4454862324 7.66555969365 -0.979732492864 17.588065952 59.871742504 
255 41.0522661209 -112.678382874 -110.245857239 -72.6858596802 -71.7160015818 1 -87.4454827011 7.66555938409 -0.723832210894 17.588065952 59.871742504 
256 41.2175331116 -113.544952393 -111.112426758 -73.5524291992 -71.3121977227 2 -87.4454827011 7.66555938409 -0.723832210894 17.588065952 59.871742504 
257 41.366202116 -115.539810181 -113.107284546 -75.5472869873 -71.2483239731 3 -87.4454870106 7.66555976187 -1.03612693744 17.588065952 59.871742504 
258 41.5208990574 -112.720611572 -110.288085938 -72.7280883789 -71.2700035441 1 -87.3858844539 7.71320595366 -1.03612770202 17.588065313 59.871742091 
259 41.6715431213 -116.017684937 -113.585159302 -76.0251617432 -71.8591427781 2 -87.3858807447 7.71320562626 -0.767152488765 17.588065313 59.871742091 
260 41.8652420044 -114.919792175 -112.487266541 -74.9272689819 -71.7316630303 3 -87.3858807447 7.71320562626 -0.767152488765 17.588065313 59.871742091 
261 42.0157370567 -114.811042786 -112.378517151 -74.8185195923 -72.8073546791 1 -87.3858824685 7.71320577842 -0.892156510911 17.588065313 59.871742091 
262 42.1685841084 -113.555625916 -111.123100281 -73.5631027222 -71.9577216459 2 -87.3858824972 7.71320578095 -0.894232364795 17.588065313 59.871742091 
263 42.3294479847 -115.625610352 -113.193084717 -75.6330871582 -72.1169183688 3 -87.3858824972 7.71320578095 -0.894232364795 17.588065313 59.871742091 
264 42.5087230206 -115.917373657 -113.484848022 -75.9248504639 -72.3823102658 1 -87.3306901089 7.70615279255 -0.850806339482 17.588065239 59.871741592 
265 42.6609361172 -113.680793762 -111.248268127 -73.6882705688 -72.4540957107 2 -87.3306901089 7.70615279255 -0.850806339482 17.588065239 59.871741592 
266 42.8147261143 -114.757278442 -112.324752808 -74.764755249 -72.2202057979 3 -87.3306911994 7.70615288877 -0.929934696611 17.588065239 59.871741592 
267 42.9723129272 -114.524551392 -112.092025757 -74.5320281982 -71.8917977015 1 -87.3306911994 7.70615288877 -0.929934696611 17.588065239 59.871741592 
268 43.1524200439 -114.42502594 -111.992500305 -74.4325027466 -72.1864038166 2 -87.3306850751 7.70615234835 -0.485546171338 17.588065239 59.871741592 
269 43.3047380447 -114.475852966 -112.043327332 -74.4833297729 -72.0966337317 3 -87.3306850751 7.70615234835 -0.485546171338 17.588065239 59.871741592 
270 43.465968132 -114.759346008 -112.326820374 -74.7668228149 -72.1703722331 1 -87.2887024372 7.67426799284 -0.648963534989 17.588065451 59.871741152 
271 43.6160309315 -116.232063293 -113.799537659 -76.2395401001 -72.6530672976 2 -87.2887024372 7.67426799284 -0.648963534989 17.588065451 59.871741152 
272 43.7705349922 -114.804176331 -112.371650696 -74.8116531372 -72.7883648918 3 -87.2887024534 7.67426799426 -0.650136431651 17.588065451 59.871741152 
273 43.9236559868 -113.068008423 -110.635482788 -73.0754852295 -71.9457763495 1 -87.2887024534 7.67426799426 -0.650136431651 17.588065451 59.871741152 
274 44.0787329674 -115.241409302 -112.808883667 -75.2488861084 -71.7786019805 2 -87.2887029172 7.67426803503 -0.683803739683 17.588065451 59.871741152 
275 44.2293350697 -113.390419006 -110.957893372 -73.397895813 -71.3343758228 3 -87.288702366 7.67426798658 -0.643790352195 17.588065451 59.871741152 
276 44.4184319973 -114.457672119 -112.025146484 -74.4651489258 -71.8517679729 1 -87.2840052508 7.59792317046 -0.643790508405 17.588066211 59.871740937 
277 44.5730509758 -115.184700012 -112.752174377 -75.1921768188 -71.8397808602 2 -87.2840030896 7.59792298233 -0.486888251072 17.588066211 59.871740937 
278 44.7273931503 -115.544769287 -113.112243652 -75.5522460938 -72.6361880352 3 -87.2840030896 7.59792298233 -0.486888251072 17.588066211 59.871740937 
279 44.8828611374 -114.550613403 -112.118087769 -74.55809021 -72.6757341775 1 -87.2840053067 7.59792317533 -0.647849897426 17.588066211 59.871740937 
280 45.0491409302 -115.553405762 -113.120880127 -75.5608825684 -72.7848552942 2 -87.2840053067 7.59792317533 -0.647849897426 17.588066211 59.871740937 
281 45.2044160366 -114.500511169 -112.067985535 -74.5079879761 -72.43900484 3 -87.2840062556 7.59792325793 -0.716744490002 17.588066211 59.871740937 
282 45.3554451466 -114.03150177 -111.598976135 -74.0389785767 -72.2285434639 1 -87.2840062556 7.59792325793 -0.716744490002 17.588066211 59.871740937 
283 45.5152990818 -114.421012878 -111.988487244 -74.4284896851 -71.9296950043 2 -87.3084949954 7.54686951765 -0.620901683749 17.588066792 59.871741035 
284 45.7011311054 -113.486412048 -111.053886414 -73.493888855 -71.5674186347 3 -87.3084972194 7.54686970988 -0.78231527134 17.588066792 59.871741035 
285 45.8518800735 -115.728134155 -113.295608521 -75.7356109619 -71.9817820277 1 -87.3084972194 7.54686970988 -0.78231527134 17.588066792 59.871741035 
286 46.0069179535 -114.607620239 -112.175094604 -74.6150970459 -72.0405202382 2 -87.3084978308 7.54686976273 -0.826687276868 17.588066792 59.871741035 
287 46.1632750034 -111.815551758 -109.383026123 -71.8230285645 -71.0290599403 3 -87.3084978308 7.54686976273 -0.826687276868 17.588066792 59.871741035 
288 46.3468511105 -115.389129639 -112.956604004 -75.3966064453 -70.9874621501 1 -87.308499677 7.54686992231 -0.960684061853 17.588066792 59.871741035 
289 46.5008649826 -115.343284607 -112.910758972 -75.3507614136 -71.1081530293 2 -87.3727380173 7.5086346335 -0.960683222008 17.588067348 59.87174151 
290 46.6587700844 -114.697555542 -112.265029907 -74.7050323486 -72.7415281158 3 -87.3727349833 7.50863437276 -0.740634048973 17.588067348 59.87174151 
291 46.8059959412 -111.68813324 -109.255607605 -71.6956100464 -70.9100366155 1 -87.3727349833 7.50863437276 -0.740634048973 17.588067348 59.87174151 
292 46.9899139404 -115.962409973 -113.529884338 -75.9698867798 -70.9808728561 2 -87.3727404331 7.50863484111 -1.13588878089 17.588067348 59.87174151 
293 47.1424510479 -115.067169189 -112.634643555 -75.0746459961 -71.0429123236 3 -87.3727376259 7.50863459987 -0.93229466893 17.588067348 59.87174151 
294 47.2981660366 -113.976577759 -111.544052124 -73.9840545654 -72.4725199305 1 -87.3727376259 7.50863459987 -0.93229466893 17.588067348 59.87174151 
295 47.4610500336 -115.323921204 -112.891395569 -75.3313980103 -72.3290802839 2 -87.4096150363 7.48462728532 -0.911081659681 17.588067688 59.871741778 
296 47.6384661198 -114.139602661 -111.707077026 -74.1470794678 -72.0246507098 3 -87.4096150363 7.48462728532 -0.911081659681 17.588067688 59.871741778 
297 47.7971899509 -111.605354309 -109.172828674 -71.6128311157 -70.744423419 1 -87.4096152192 7.48462730098 -0.924336651605 17.588067688 59.871741778 
298 47.952039957 -115.880859375 -113.44833374 -75.8883361816 -70.8046680702 2 -87.4096152192 7.48462730098 -0.924336651605 17.588067688 59.871741778 
299 48.1067380905 -114.810623169 -112.378097534 -74.8180999756 -70.9321848501 3 -87.4096135406 7.48462715725 -0.80264607321 17.588067688 59.871741778 
300 48.2899150848 -113.464599609 -111.032073975 -73.472076416 -72.1167305049 1 -87.4096128276 7.4846270962 -0.750957518767 17.588067688 59.871741778 
301 48.4410591125 -114.86807251 -112.435546875 -74.8755493164 -71.9006490016 2 -87.430000726 7.41728349605 -0.750957316156 17.588068423 59.871741803 
302 48.6035499573 -116.215148926 -113.782623291 -76.2226257324 -72.1888053785 3 -87.430000726 7.41728349605 -0.750957316156 17.588068423 59.871741803 
303 48.7500929832 -114.399452209 -111.966926575 -74.4069290161 -72.6564043387 1 -87.4300014585 7.41728355819 -0.804046065076 17.588068423 59.871741803 
304 48.9451539516 -115.761581421 -113.329055786 -75.7690582275 -72.9374521443 2 -87.4300037485 7.41728375246 -0.970018571917 17.588068423 59.871741803 
305 49.0834479332 -114.633262634 -112.200737 -74.6407394409 -72.4771459731 3 -87.4300037485 7.41728375246 -0.970018571917 17.588068423 59.871741803 
306 49.242923975 -114.64074707 -112.208221436 -74.648223877 -72.5731411806 1 -87.4299985748 7.41728331355 -0.595042050749 17.588068423 59.871741803 
307 49.3944070339 -116.817344666 -114.384819031 -76.8248214722 -72.7740562869 2 -87.4308111415 7.3900159774 -0.595042070943 17.588068701 59.871741748 
308 49.5796499252 -115.829544067 -113.397018433 -75.837020874 -73.2031474112 3 -87.4308103177 7.39001590777 -0.535335668249 17.588068701 59.871741748 
309 49.7350239754 -115.595962524 -113.16343689 -75.6034393311 -73.6418748491 1 -87.4308126559 7.39001610541 -0.704807676255 17.588068701 59.871741748 
310 49.8840360641 -116.738601685 -114.30607605 -76.7460784912 -73.623438468 2 -87.4308126559 7.39001610541 -0.704807676255 17.588068701 59.871741748 
311 50.0449011326 -114.152954102 -111.720428467 -74.1604309082 -72.8618486723 3 -87.4308137593 7.39001619868 -0.784779024071 17.588068701 59.871741748 
312 50.2386491299 -114.789527893 -112.357002258 -74.7970046997 -72.6017613979 1 -87.4308137593 7.39001619868 -0.784779024071 17.588068701 59.871741748 
313 50.3738670349 -115.035133362 -112.602607727 -75.0426101685 -72.2485030986 2 -87.4308108557 7.39001595325 -0.574330712117 17.588068701 59.871741748 
314 50.5213649273 -116.58707428 -114.154548645 -76.5945510864 -72.9601637882 3 -87.4355048308 7.40359348606 -0.574330631475 17.588068576 59.87174182 
315 50.6777410507 -114.799957275 -112.367431641 -74.807434082 -72.9646336572 1 -87.4355050317 7.40359350307 -0.588888671118 17.588068576 59.87174182 
316 50.8633589745 -114.938911438 -112.506385803 -74.9463882446 -72.9271721779 2 -87.4355050317 7.40359350307 -0.588888671118 17.588068576 59.87174182 
317 51.0180599689 -115.27545929 -112.842933655 -75.2829360962 -72.6176084377 3 -87.4355061304 7.40359359611 -0.668520382771 17.588068576 59.87174182 
318 51.1681790352 -115.653785706 -113.221260071 -75.6612625122 -72.89172825 1 -87.4355061304 7.40359359611 -0.668520382771 17.588068576 59.87174182 
319 51.322329998 -115.203895569 -112.771369934 -75.2113723755 -72.990794996 2 -87.4355056874 7.40359355859 -0.636408681475 17.588068576 59.87174182 
320 51.5103960037 -116.931007385 -114.49848175 -76.9384841919 -73.4367137082 3 -87.4695235298 7.39188931292 -0.636408226022 17.588068784 59.871742091 
321 51.6625759602 -116.183731079 -113.751205444 -76.1912078857 -73.6124490317 1 -87.4695222941 7.39188920849 -0.546883911151 17.588068784 59.871742091 
322 51.8229379654 -114.853179932 -112.420654297 -74.8606567383 -73.4374264259 2 -87.4695210321 7.39188910184 -0.45545708434 17.588068784 59.871742091 
323 51.9779160023 -115.787254333 -113.354728699 -75.7947311401 -73.1561863255 3 -87.4695210321 7.39188910184 -0.45545708434 17.588068784 59.871742091 
324 52.1758141518 -112.053451538 -109.620925903 -72.0609283447 -71.2471855628 1 -87.4695235001 7.3918893104 -0.634253095314 17.588068784 59.871742091 
325 52.3272631168 -115.341171265 -112.90864563 -75.3486480713 -71.3315662345 2 -87.4695235001 7.3918893104 -0.634253095314 17.588068784 59.871742091 
326 52.4862859249 -115.968200684 -113.535675049 -75.9756774902 -71.3539112386 3 -87.4831294662 7.39711251536 -0.240068064072 17.588068767 59.871742222 
327 52.640501976 -112.710113525 -110.277587891 -72.717590332 -71.8073062096 1 -87.483135831 7.39711305354 -0.701102056855 17.588068767 59.871742222 
328 52.8218340874 -115.654159546 -113.221633911 -75.6616363525 -71.8651299655 2 -87.483135831 7.39711305354 -0.701102056855 17.588068767 59.871742222 
329 52.9746711254 -113.872261047 -111.439735413 -73.879737854 -71.389605384 3 -87.4831364075 7.39711310228 -0.742863349675 17.588068767 59.871742222 
330 53.131155014 -112.493301392 -110.060775757 -72.5007781982 -71.2693061855 1 -87.4831364075 7.39711310228 -0.742863349675 17.588068767 59.871742222 
331 53.2828891277 -114.699752808 -112.267227173 -74.7072296143 -71.1162664 2 -87.4831380579 7.39711324183 -0.862406906231 17.588068767 59.871742222 
332 53.4757840633 -116.015457153 -113.582931519 -76.02293396 -71.5358488657 3 -87.4831380579 7.39711324183 -0.862406906231 17.588068767 59.871742222 
333 53.6024470329 -117.129989624 -114.697463989 -77.1374664307 -73.3455460247 1 -87.4890801706 7.38877555316 -0.882252756845 17.588068867 59.871742255 
334 53.7599389553 -113.285568237 -110.853042603 -73.2930450439 -72.4791451965 2 -87.4890801706 7.38877555316 -0.882252756845 17.588068867 59.871742255 
335 53.9191539288 -113.335594177 -110.903068542 -73.3430709839 -71.6333925693 3 -87.4890773569 7.38877531553 -0.678452912446 17.588068867 59.871742255 
336 54.1034359932 -115.44039917 -113.007873535 -75.4478759766 -71.4396145742 1 -87.4890773569 7.38877531553 -0.678452912446 17.588068867 59.871742255 
337 54.2393920422 -114.616851807 -112.184326172 -74.6243286133 -71.9111775593 2 -87.4890800844 7.38877554588 -0.876007369083 17.588068867 59.871742255 
338 54.3894619942 -112.096710205 -109.66418457 -72.1041870117 -71.1839587841 3 -87.4890800844 7.38877554588 -0.876007369083 17.588068867 59.871742255 
339 54.5445489883 -113.386253357 -110.953727722 -73.3937301636 -70.7502087171 1 -87.5010543792 7.41037703942 -0.720337987681 17.58806868 59.871742409 
340 54.7309081554 -115.550918579 -113.118392944 -75.5583953857 -70.8815989749 2 -87.5010534009 7.41037695656 -0.649486860465 17.58806868 59.871742409 
341 54.8687300682 -114.515663147 -112.083137512 -74.5231399536 -71.9285886868 3 -87.5010534009 7.41037695656 -0.649486860465 17.58806868 59.871742409 
342 55.0253429413 -112.451469421 -110.018943787 -72.458946228 -71.4027364833 1 -87.5010581725 7.41037736066 -0.995043678101 17.58806868 59.871742409 
343 55.1700930595 -114.812644958 -112.380119324 -74.8201217651 -71.2767446149 2 -87.5010581725 7.41037736066 -0.995043678101 17.58806868 59.871742409 
344 55.3548009396 -113.940963745 -111.50843811 -73.9484405518 -71.1340044584 3 -87.5010548949 7.41037708309 -0.757683419833 17.58806868 59.871742409 
345 55.510584116 -112.438186646 -110.005661011 -72.4456634521 -71.1267783141 1 -87.5029873381 7.42402649631 -0.757683377113 17.588068547 59.871742457 
346 55.6679861546 -115.79019165 -113.357666016 -75.797668457 -71.2754249516 2 -87.5029924267 7.42402692804 -1.12618948483 17.588068547 59.871742457 
347 55.8226780891 -115.574211121 -113.141685486 -75.5816879272 -71.6395193541 3 -87.5029883499 7.42402658215 -0.830951502904 17.588068547 59.871742457 
348 56.0060119629 -116.321411133 -113.888885498 -76.3288879395 -73.4950080487 1 -87.5029883499 7.42402658215 -0.830951502904 17.588068547 59.871742457 
349 56.1435329914 -115.58833313 -113.155807495 -75.5958099365 -73.4229583245 2 -87.5029883499 7.42402658215 -0.830951502904 17.588068547 59.871742457 
350 56.2976429462 -113.821998596 -111.389472961 -73.8294754028 -72.6023446425 3 -87.5029884313 7.42402658906 -0.836850674765 17.588068547 59.871742457 
351 56.4522640705 -115.878005981 -113.445480347 -75.8854827881 -72.5156702961 1 -87.5125086917 7.4511170467 -0.922324542143 17.588068298 59.871742602 
352 56.6345660686 -114.441139221 -112.008613586 -74.4486160278 -72.1775173951 2 -87.5125086917 7.4511170467 -0.922324542143 17.588068298 59.871742602 
353 56.79037714 -114.416122437 -111.983596802 -74.4235992432 -72.4351087591 3 -87.5125047104 7.45111670772 -0.634036888708 17.588068298 59.871742602 
354 56.9422631264 -114.071083069 -111.638557434 -74.0785598755 -71.9246402175 1 -87.5125047104 7.45111670772 -0.634036888708 17.588068298 59.871742602 
355 57.0943419933 -115.258087158 -112.825561523 -75.2655639648 -72.1487609281 2 -87.5125025551 7.45111652421 -0.477972379511 17.588068298 59.871742602 
356 57.2828760147 -111.483886719 -109.051361084 -71.4913635254 -70.6405858682 3 -87.5125025551 7.45111652421 -0.477972379511 17.588068298 59.871742602 
357 57.4151060581 -113.171707153 -110.739181519 -73.17918396 -70.4230892003 1 -87.512501963 7.45111647381 -0.435102206342 17.588068298 59.871742602 
358 57.5764341354 -116.453086853 -114.020561218 -76.4605636597 -70.5242270901 2 -87.5059127773 7.49091601256 -0.435102250004 17.588067878 59.871742635 
359 57.7294831276 -115.917366028 -113.484840393 -75.9248428345 -72.294298727 3 -87.5059147907 7.49091618491 -0.580901040673 17.588067878 59.871742635 
360 57.9108519554 -114.233543396 -111.801017761 -74.2410202026 -72.9402681738 1 -87.5059147907 7.49091618491 -0.580901040673 17.588067878 59.871742635 
361 58.0643210411 -115.604522705 -113.17199707 -75.6119995117 -72.7441652965 2 -87.5059177779 7.49091644063 -0.797218589895 17.588067878 59.871742635 
362 58.2182569504 -116.047019958 -113.614494324 -76.0544967651 -72.7734522842 3 -87.5059177779 7.49091644063 -0.797218589895 17.588067878 59.871742635 
363 58.3722319603 -114.648704529 -112.216178894 -74.6561813354 -72.9747420705 1 -87.5059150881 7.49091621037 -0.60243617096 17.588067878 59.871742635 
364 58.5284619331 -114.846946716 -112.414421082 -74.8544235229 -72.7210447483 2 -87.5178926525 7.51251798128 -0.683637299591 17.588067691 59.871742789 
365 58.7109520435 -115.0676651 -112.635139465 -75.0751419067 -72.469583535 3 -87.5178926525 7.51251798128 -0.683637299591 17.588067691 59.871742789 
366 58.8652009964 -114.221549988 -111.789024353 -74.2290267944 -72.3036324394 1 -87.5178913028 7.51251786542 -0.585907795723 17.588067691 59.871742789 
367 59.016174078 -114.902183533 -112.469657898 -74.9096603394 -72.3205465343 2 -87.5178913028 7.51251786542 -0.585907795723 17.588067691 59.871742789 
368 59.1712939739 -115.087165833 -112.654640198 -75.0946426392 -72.3260132916 3 -87.5178953705 7.51251821459 -0.880433045368 17.588067691 59.871742789 
369 59.3646500111 -115.156791687 -112.724266052 -75.1642684937 -72.6679055361 1 -87.5178953705 7.51251821459 -0.880433045368 17.588067691 59.871742789 
370 59.5240449905 -116.332260132 -113.899734497 -76.3397369385 -73.0772744903 2 -87.5142027059 7.56443977328 -0.529614346318 17.588067156 59.871742875 
371 59.675770998 -115.91002655 -113.477500916 -75.9175033569 -73.3661632461 3 -87.5142075767 7.5644401943 -0.882302947975 17.588067156 59.871742875 
372 59.8291089535 -114.059654236 -111.627128601 -74.0671310425 -72.8179056382 1 -87.5142075767 7.5644401943 -0.882302947975 17.588067156 59.871742875 
