Nr Etime Raw dBm dBmW/m2 sum:dBmW/m2 loop X Y Z 
1 0 -65.4044876099 -62.9719581604 -25.4119567871 -21.1682787247 3 -2.20929292493 -1.26812170156 -1.73473339502 17.587931853 59.870976328 
2 0.0363981723785 -61.6401672363 -59.2076377869 -21.647644043 -21.2936507514 1 -2.20929284874 -1.26812165783 -1.51620262703 17.587931853 59.870976328 
3 0.210898160934 -79.0137710571 -76.5812454224 -39.0212478638 -21.2937712012 2 -2.21216459615 -1.20539883013 -1.51620263861 17.587931226 59.870976496 
4 0.362496137619 -65.0735092163 -62.6409797668 -25.0809783936 -21.2407598631 3 -2.2121645209 -1.20539878912 -1.30063631977 17.587931226 59.870976496 
5 0.552070140839 -62.0997657776 -59.6672363281 -22.1072387695 -21.6146102619 1 -2.2121645209 -1.20539878912 -1.30063631977 17.587931226 59.870976496 
6 0.701069116592 -78.1241226196 -75.6915969849 -38.1315994263 -21.6142473071 2 -2.21216453163 -1.20539879497 -1.33137277957 17.587931226 59.870976496 
7 0.858145952225 -65.1092453003 -62.6767158508 -25.1167144775 -21.6214403249 3 -2.21216453163 -1.20539879497 -1.33137277957 17.587931226 59.870976496 
8 1.01632404327 -61.66147995 -59.2289505005 -21.6689529419 -21.2642082666 1 -2.21216460181 -1.20539883321 -1.53240798401 17.587931226 59.870976496 
9 1.19669604301 -81.1421051025 -78.7095794678 -41.1495819092 -21.264898375 2 -2.20664587073 -1.1165907989 -1.53240800177 17.587930313 59.87097665 
10 1.35244297981 -65.2531356812 -62.8206062317 -25.2606048584 -21.2886521242 3 -2.20664591561 -1.11659082161 -1.66128928717 17.587930313 59.87097665 
11 1.50417017937 -61.9336471558 -59.5011177063 -21.941116333 -21.5147250776 1 -2.20664591561 -1.11659082161 -1.66128928717 17.587930313 59.87097665 
12 1.65932512283 -81.1772842407 -78.744758606 -41.1847610474 -21.5147292062 2 -2.20664584613 -1.11659078645 -1.46175216857 17.587930313 59.87097665 
13 1.85487914085 -66.1304244995 -63.69789505 -26.1378936768 -21.6472779491 3 -2.20664573571 -1.11659073058 -1.14467829246 17.587930313 59.87097665 
14 2.00243806839 -62.5731620789 -60.1406326294 -22.5806350708 -22.194660752 1 -2.20664573568 -1.11659073056 -1.14457289736 17.587930313 59.87097665 
15 2.14820098877 -82.1237564087 -79.6912307739 -42.1312332153 -22.1947828996 2 -2.20664584586 -1.11659078632 -1.46099376982 17.587930313 59.87097665 
16 2.30766105652 -67.9270629883 -65.4945373535 -27.9345397949 -22.4033185058 3 -2.69762619138 -0.967823865281 -1.46099360396 17.587930101 59.870981285 
17 2.45903110504 -65.2910614014 -62.8585319519 -25.298538208 -24.7330690562 1 -2.69762624794 -0.967823885575 -1.59386679052 17.587930101 59.870981285 
18 2.60325407982 -88.327293396 -85.8947677612 -48.3347702026 -24.7337474683 2 -2.69762624794 -0.967823885575 -1.59386679052 17.587930101 59.870981285 
19 2.76327610016 -69.2529144287 -66.8203887939 -29.2603912354 -24.9737733401 3 -2.69762617206 -0.96782385835 -1.41561557732 17.587930101 59.870981285 
20 2.90896916389 -67.3165359497 -64.8840103149 -27.3240127563 -26.5779070801 1 -2.69762617206 -0.96782385835 -1.41561557732 17.587930101 59.870981285 
21 3.0724670887 -87.4312286377 -84.9987030029 -47.4387054443 -26.5778576894 2 -2.69762603828 -0.967823810353 -1.10135453088 17.587930101 59.870981285 
22 3.20466709137 -72.2064361572 -69.7739105225 -32.2139129639 -27.106620006 3 -3.75350069022 -0.344434239118 -1.10135405825 17.587926575 59.870991944 
23 3.35669016838 -70.1591339111 -67.7266082764 -30.1666107178 -29.4517241874 1 -3.75350066631 -0.344434236923 -1.06097508249 17.587926575 59.870991944 
24 3.51919817924 -86.0506286621 -83.6181030273 -46.0581054688 -29.4512366891 2 -3.75350066631 -0.344434236923 -1.06097508249 17.587926575 59.870991944 
25 3.67592406273 -74.681388855 -72.2488632202 -34.6888656616 -29.9103228239 3 -3.75350059951 -0.344434230794 -0.948210661115 17.587926575 59.870991944 
26 3.82975411415 -73.1947479248 -70.76222229 -33.2022247314 -32.3117098588 1 -3.75350059951 -0.344434230794 -0.948210661115 17.587926575 59.870991944 
27 3.98295402527 -90.3865127563 -87.9539871216 -50.393989563 -32.3150551658 2 -3.75350091786 -0.344434260007 -1.48566100716 17.587926575 59.870991944 
28 4.13812208176 -76.3678741455 -73.9353485107 -36.3753509521 -32.7486354783 3 -5.05225448655 0.266565954969 -1.05220137545 17.587923814 59.8710047 
29 4.32360506058 -75.8765182495 -73.4439926147 -35.8839950562 -34.609141373 1 -5.05225448655 0.266565954969 -1.05220137545 17.587923814 59.8710047 
30 4.48903298378 -89.6251678467 -87.1926422119 -49.6326446533 -34.6085061811 2 -5.05225446953 0.26656595407 -1.03084770208 17.587923814 59.8710047 
31 4.63314509392 -78.4842605591 -76.0517349243 -38.4917373657 -35.3097734544 3 -5.05225446953 0.26656595407 -1.03084770208 17.587923814 59.8710047 
32 4.7843580246 -78.1217422485 -75.6892166138 -38.1292190552 -36.7918943954 1 -5.05225465142 0.266565963668 -1.25899066118 17.587923814 59.8710047 
33 4.97286701202 -92.9154891968 -90.482963562 -52.9229660034 -36.7964789218 2 -5.05225465142 0.266565963668 -1.25899066118 17.587923814 59.8710047 
34 5.10523796082 -80.0748291016 -77.6423034668 -40.0823059082 -37.3863581309 3 -5.05225473474 0.266565968063 -1.36348937965 17.587923814 59.8710047 
35 5.26359415054 -78.8111724854 -76.3786468506 -38.818649292 -37.8525720712 1 -6.55785564037 0.330143725049 -1.36348799831 17.587927136 59.871018019 
36 5.41740512848 -96.3046951294 -93.8721694946 -56.312171936 -37.8542335119 2 -6.55785566434 0.330143726256 -1.38664790662 17.587927136 59.871018019 
37 5.60242414474 -81.9331741333 -79.5006484985 -41.9406509399 -38.3554281154 3 -6.55785569858 0.33014372798 -1.41973180777 17.587927136 59.871018019 
38 5.74557209015 -80.0401687622 -77.6076431274 -40.0476455688 -39.2880810894 1 -6.55785569858 0.33014372798 -1.41973180777 17.587927136 59.871018019 
39 5.90421795845 -94.4078369141 -91.9753112793 -54.4153137207 -39.2868884625 2 -6.55785593947 0.330143740107 -1.65250697831 17.587927136 59.871018019 
40 6.05241298676 -82.1285095215 -79.6959838867 -42.1359863281 -39.3426331984 3 -6.55785593947 0.330143740107 -1.65250697831 17.587927136 59.871018019 
41 6.21702408791 -81.0748214722 -78.6422958374 -41.0822982788 -40.037803774 1 -8.06282668883 0.299556698762 -1.13706087826 17.587931409 59.871031118 
42 6.36011505127 -98.0995178223 -95.6669921875 -58.1069946289 -40.0401690784 2 -8.06282668881 0.299556698761 -1.13704951764 17.587931409 59.871031118 
43 6.51405215263 -82.8786010742 -80.4460754395 -42.8860778809 -40.2962987952 3 -8.06282681303 0.299556703376 -1.23467259164 17.587931409 59.871031118 
44 6.66412901878 -81.2160568237 -78.783531189 -41.2235336304 -40.3936623698 1 -8.06282681303 0.299556703376 -1.23467259164 17.587931409 59.871031118 
45 6.85391402245 -98.6217727661 -96.1892471313 -58.6292495728 -40.3937954306 2 -8.06282667783 0.299556698353 -1.12841605235 17.587931409 59.871031118 
46 7.006057024 -83.7380142212 -81.3054885864 -43.7454910278 -40.6315873888 3 -8.06282667783 0.299556698353 -1.12841605235 17.587931409 59.871031118 
47 7.15914607048 -82.1367950439 -79.7042694092 -42.1442718506 -41.2946275724 1 -8.06282679479 0.299556702698 -1.22033818438 17.587931409 59.871031118 
48 7.31498718262 -96.466003418 -94.0334777832 -56.4734802246 -41.2933691699 2 -9.4416002651 0.384977096731 -1.19162815664 17.587934176 59.871043377 
49 7.49853610992 -85.3686447144 -82.9361190796 -45.376121521 -41.6998488172 3 -9.4416002651 0.384977096731 -1.19162815664 17.587934176 59.871043377 
50 7.64847898483 -82.9794998169 -80.5469741821 -42.9869766235 -42.3598984334 1 -9.44160054842 0.384977108283 -1.38177699817 17.587934176 59.871043377 
51 7.80133295059 -104.711372375 -102.278846741 -64.7188491821 -42.3630936704 2 -9.44160054842 0.384977108283 -1.38177699817 17.587934176 59.871043377 
52 7.95563197136 -85.6613311768 -83.228805542 -45.6688079834 -42.4325617691 3 -9.44160036192 0.384977100679 -1.25660756974 17.587934176 59.871043377 
53 8.14227604866 -84.3718185425 -81.9392929077 -44.3792953491 -43.4244354069 1 -10.9171829846 0.400115283597 -1.25660519832 17.587937909 59.871056323 
54 8.28924703598 -104.474845886 -102.042320251 -64.4823226929 -43.4244216391 2 -10.9171833364 0.400115296489 -1.46078651723 17.587937909 59.871056323 
55 8.44703698158 -85.6020584106 -83.1695327759 -45.6095352173 -43.4031505445 3 -10.9171833364 0.400115296489 -1.46078651723 17.587937909 59.871056323 
56 8.60437297821 -84.9198532104 -82.4873275757 -44.9273300171 -43.7364472672 1 -10.9171827061 0.400115273389 -1.09494607492 17.587937909 59.871056323 
57 8.78109502792 -101.766586304 -99.3340606689 -61.7740631104 -43.7360652397 2 -10.9171827061 0.400115273389 -1.09494607492 17.587937909 59.871056323 
58 8.93484807014 -86.4728164673 -84.0402908325 -46.4802932739 -44.0620718921 3 -10.9171831292 0.400115288895 -1.34051685588 17.587937909 59.871056323 
59 9.08522796631 -85.2873306274 -82.8548049927 -45.2948074341 -44.3017899191 1 -10.9171831292 0.400115288895 -1.34051685588 17.587937909 59.871056323 
60 9.24446296692 -109.484710693 -107.052185059 -69.4921875 -44.3024656365 2 -12.3006115819 0.721403476347 -1.19956483646 17.587938302 59.87106916 
61 9.43285107613 -87.6815795898 -85.2490539551 -47.6890563965 -44.6722476083 3 -12.3006109851 0.721403441343 -0.892090851693 17.587938302 59.87106916 
62 9.59354996681 -85.9797821045 -83.5472564697 -45.9872589111 -45.1703637563 1 -12.3006109851 0.721403441343 -0.892090851693 17.587938302 59.87106916 
63 9.73968315125 -108.011779785 -105.57925415 -68.0192565918 -45.1703349557 2 -12.3006111477 0.721403450878 -0.975842475127 17.587938302 59.87106916 
64 9.89608716965 -88.1369400024 -85.7044143677 -48.1444168091 -45.3030985863 3 -12.3006111477 0.721403450878 -0.975842475127 17.587938302 59.87106916 
65 10.0804159641 -86.7119445801 -84.2794189453 -46.7194213867 -45.8118382511 1 -12.3006119527 0.721403498093 -1.39058525504 17.587938302 59.87106916 
66 10.2347230911 -109.016990662 -106.584465027 -69.0244674683 -45.8118673668 2 -12.3006119527 0.721403498093 -1.39058525504 17.587939006 59.871081186 
67 10.3880209923 -89.0279693604 -86.5954437256 -49.035446167 -46.0770663053 3 -13.6047324115 0.991305731467 -1.12930896574 17.587939006 59.871081186 
68 10.5362100601 -87.7110137939 -85.2784881592 -47.7184906006 -46.7733965185 1 -13.604732608 0.991305745788 -1.22085533881 17.587939006 59.871081186 
69 10.7255561352 -111.944023132 -109.511497498 -71.951499939 -46.7734535232 2 -13.604732608 0.991305745788 -1.22085533881 17.587939006 59.871081186 
70 10.8808310032 -89.0496673584 -86.6171417236 -49.057144165 -46.7810851317 3 -13.6047321556 0.991305712821 -1.01011997437 17.587939006 59.871081186 
71 11.0310399532 -88.0345840454 -85.6020584106 -48.0420608521 -46.9856485382 1 -13.6047321556 0.991305712821 -1.01011997437 17.587939006 59.871081186 
72 11.1897990704 -114.460891724 -112.028366089 -74.4683685303 -46.9856636755 2 -14.98689956 1.05754392743 -1.18931067115 17.587941976 59.871093431 
73 11.3721351624 -90.2334518433 -87.8009262085 -50.2409286499 -47.3691473261 3 -14.98689956 1.05754392743 -1.18931067115 17.587941976 59.871093431 
74 11.5305280685 -88.6035690308 -86.171043396 -48.6110458374 -47.7713662721 1 -14.9868995782 1.05754392872 -1.19699779499 17.587941976 59.871093431 
75 11.6827681065 -115.461265564 -113.028739929 -75.4687423706 -47.7713699411 2 -14.9868995782 1.05754392872 -1.19699779499 17.587941976 59.871093431 
76 11.8376841545 -89.9288787842 -87.4963531494 -49.9363555908 -47.6689669948 3 -14.9868996085 1.05754393086 -1.20984002497 17.587941976 59.871093431 
77 12.0189580917 -89.6085205078 -87.175994873 -49.6159973145 -48.2651161287 1 -14.9868996085 1.05754393086 -1.20984002497 17.587941976 59.871093431 
78 12.1699030399 -115.895370483 -113.462844849 -75.90284729 -48.2651175549 2 -16.3749274763 0.792202642389 -1.30142646226 17.587948316 59.871104972 
79 12.3260631561 -90.241645813 -87.8091201782 -50.2491226196 -48.4044097435 3 -16.3749274884 0.792202642978 -1.30613793714 17.587948316 59.871104972 
80 12.4809019566 -88.8739624023 -86.4414367676 -48.881439209 -47.9541815129 1 -16.3749274884 0.792202642978 -1.30613793714 17.587948316 59.871104972 
81 12.6607060432 -106.12991333 -103.697387695 -66.1373901367 -47.9536858372 2 -16.374927669 0.792202651712 -1.3760038506 17.587948316 59.871104972 
82 12.8173530102 -91.6524658203 -89.2199401855 -51.659942627 -48.3479069906 3 -16.374927669 0.792202651712 -1.3760038506 17.587948316 59.871104972 
83 12.9627971649 -89.1074829102 -86.6749572754 -49.1149597168 -48.5283738641 1 -16.3749271454 0.79220262638 -1.17337431825 17.587948316 59.871104972 
84 13.1216659546 -113.943161011 -111.510635376 -73.9506378174 -48.5290091367 2 -16.3749271454 0.79220262638 -1.17337431825 17.58795647 59.871115085 
85 13.3090491295 -91.43724823 -89.0047225952 -51.4447250366 -48.4761531427 3 -17.6538274747 0.319149942337 -0.894317774706 17.58795647 59.871115085 
86 13.4581031799 -89.771987915 -87.3394622803 -49.7794647217 -48.9510560369 1 -17.6538274747 0.319149942337 -0.894317774706 17.58795647 59.871115085 
87 13.6163060665 -107.041351318 -104.608825684 -67.048828125 -48.9505563786 2 -17.6538280934 0.319149953523 -1.11642432968 17.58795647 59.871115085 
88 13.7642791271 -91.6358108521 -89.2032852173 -51.6432876587 -49.0115727179 3 -17.6538280265 0.319149952312 -1.09238623729 17.58795647 59.871115085 
89 13.9487800598 -90.1613998413 -87.7288742065 -50.1688766479 -49.2775194936 1 -17.6538280265 0.319149952312 -1.09238623729 17.58795647 59.871115085 
90 14.1070451736 -114.442611694 -112.01008606 -74.450088501 -49.2781055447 2 -17.6538290722 0.319149971217 -1.46773975574 17.58795647 59.871115085 
91 14.2594320774 -91.9985427856 -89.5660171509 -52.0060195923 -49.3935230336 3 -18.8873083483 0.282235037437 -1.46773620227 17.587960092 59.871125794 
92 14.4069750309 -89.9452590942 -87.5127334595 -49.9527359009 -49.2400535828 1 -18.8873077593 0.282235028635 -1.27010279906 17.587960092 59.871125794 
93 14.5991661549 -112.836433411 -110.403907776 -72.8439102173 -49.2400319925 2 -18.8873077593 0.282235028635 -1.27010279906 17.587960092 59.871125794 
94 14.7504019737 -92.7082519531 -90.2757263184 -52.7157287598 -49.4163749817 3 -18.8873068618 0.282235015223 -0.968988665558 17.587960092 59.871125794 
95 14.9019670486 -90.7914962769 -88.3589706421 -50.7989730835 -50.0471805282 1 -18.8873068618 0.282235015223 -0.968988665558 17.587960092 59.871125794 
96 15.0609490871 -115.726028442 -113.293502808 -75.733505249 -50.0472245958 2 -18.8873071734 0.28223501988 -1.07355160062 17.587960092 59.871125794 
97 15.227396965 -93.4135818481 -90.9810562134 -53.4210586548 -50.2310117174 3 -20.1266401873 0.433560638497 -1.11160393034 17.587961825 59.871136983 
98 15.374778986 -91.2136230469 -88.7810974121 -51.2210998535 -50.5484653093 1 -20.1266401873 0.433560638497 -1.11160393034 17.587961825 59.871136983 
99 15.535061121 -113.874702454 -111.442176819 -73.8821792603 -50.5484384757 2 -20.126639892 0.433560632134 -1.01860981154 17.587961825 59.871136983 
100 15.6863400936 -92.7557754517 -90.3232498169 -52.7632522583 -50.3528650286 3 -20.126639892 0.433560632134 -1.01860981154 17.587961825 59.871136983 
101 15.8784141541 -92.8071212769 -90.3745956421 -52.8145980835 -51.283557813 1 -20.1266395954 0.433560625746 -0.925240568456 17.587961825 59.871136983 
102 16.0207760334 -115.664833069 -113.232307434 -75.6723098755 -51.2835946582 2 -20.1266395954 0.433560625746 -0.925240568456 17.587961825 59.871136983 
103 16.1757490635 -93.6708831787 -91.2383575439 -53.6783599854 -51.6986263331 3 -20.1266381985 0.433560595655 -0.485435566688 17.587961825 59.871136983 
104 16.333876133 -92.2665786743 -89.8340530396 -52.274055481 -51.3594312021 1 -21.5038718348 0.460360229807 -0.485431040593 17.587965181 59.871149095 
105 16.519821167 -113.243850708 -110.811325073 -73.2513275146 -51.3593701398 2 -21.5038728719 0.460360252011 -0.791054064997 17.587965181 59.871149095 
106 16.6679689884 -94.3619232178 -91.929397583 -54.3694000244 -51.5729783996 3 -21.5038730331 0.460360255461 -0.838543967978 17.587965181 59.871149095 
107 16.8247730732 -92.6128616333 -90.1803359985 -52.6203384399 -51.8180686374 1 -21.5038730331 0.460360255461 -0.838543967978 17.587965181 59.871149095 
108 16.9840071201 -111.820327759 -109.387802124 -71.8278045654 -51.8179646924 2 -21.5038720186 0.460360233742 -0.539596132102 17.587965181 59.871149095 
109 17.1690340042 -94.4181137085 -91.9855880737 -54.4255905151 -51.8351630719 3 -21.5038720186 0.460360233742 -0.539596132102 17.587965181 59.871149095 
110 17.3213820457 -93.1200790405 -90.6875534058 -53.1275558472 -52.1755885801 1 -22.8519775237 0.28999344689 -0.998579634702 17.587970455 59.871160503 
111 17.4787399769 -113.521057129 -111.088531494 -73.5285339355 -52.1757269931 2 -22.8519775237 0.28999344689 -0.998579634702 17.587970455 59.871160503 
112 17.6383450031 -94.5065460205 -92.0740203857 -54.5140228271 -52.2066953534 3 -22.8519750801 0.28999341588 -0.320975419235 17.587970455 59.871160503 
113 17.8121931553 -93.4525604248 -91.02003479 -53.4600372314 -52.4184201394 1 -22.8519750801 0.28999341588 -0.320975419235 17.587970455 59.871160503 
114 17.9649691582 -112.69190979 -110.259384155 -72.6993865967 -52.418359584 2 -22.8519770841 0.28999344131 -0.876666684029 17.587970455 59.871160503 
115 18.120718956 -95.1654586792 -92.7329330444 -55.1729354858 -52.6464340528 3 -22.8519770841 0.28999344131 -0.876666684029 17.587970455 59.871160503 
116 18.274777174 -93.8684387207 -91.4359130859 -53.8759155273 -52.9236022314 1 -24.0983593566 0.222829979817 -0.972993631093 17.587974417 59.871171256 
117 18.4591171741 -111.277809143 -108.845283508 -71.2852859497 -52.9233812486 2 -24.0983601937 0.222829987558 -1.19313121358 17.587974417 59.871171256 
118 18.5955700874 -95.8159637451 -93.3834381104 -55.8234405518 -53.132633046 3 -24.0983601937 0.222829987558 -1.19313121358 17.587974417 59.871171256 
119 18.7524411678 -93.8329772949 -91.4004516602 -53.8404541016 -53.1073910311 1 -24.0983586587 0.222829973364 -0.789478003851 17.587974417 59.871171256 
120 18.9090671539 -115.233970642 -112.801445007 -75.2414474487 -53.1078123451 2 -24.0983586587 0.222829973364 -0.789478003851 17.587974417 59.871171256 
121 19.0730130672 -96.5869293213 -94.1544036865 -56.5944061279 -53.3020673146 3 -24.098359762 0.222829983566 -1.07960105148 17.587974417 59.871171256 
122 19.2298760414 -94.4392929077 -92.0067672729 -54.4467697144 -53.7599845844 1 -25.2959069763 0.384529257153 -1.07959637602 17.587975935 59.871182103 
123 19.393695116 -112.337608337 -109.905082703 -72.345085144 -53.7596777562 2 -25.2959061944 0.384529245268 -0.883725497893 17.587975935 59.871182103 
124 19.5383110046 -96.506362915 -94.0738372803 -56.5138397217 -53.7375430117 3 -25.2959061944 0.384529245268 -0.883725497893 17.587975935 59.871182103 
125 19.7246220112 -95.7680664062 -93.3355407715 -55.7755432129 -54.6076983838 1 -25.2959050018 0.384529227138 -0.58495419106 17.587975935 59.871182103 
126 19.8762900829 -114.640701294 -112.208175659 -74.6481781006 -54.6081008536 2 -25.2959050018 0.384529227138 -0.58495419106 17.587975935 59.871182103 
127 20.0334470272 -96.5149765015 -94.0824508667 -56.5224533081 -54.611677968 3 -25.2959054131 0.38452923339 -0.687993383848 17.587975935 59.871182103 
128 20.1920001507 -95.0779876709 -92.6454620361 -55.0854644775 -54.1818740603 1 -26.4834978828 0.51378615843 -0.619948724211 17.587977755 59.871192789 
129 20.3585500717 -111.289474487 -108.856948853 -71.2969512939 -54.1812294812 2 -26.4834978828 0.51378615843 -0.619948724211 17.587977755 59.871192789 
130 20.5130431652 -97.0995254517 -94.6669998169 -57.1070022583 -54.3629819103 3 -26.4834981096 0.513786162829 -0.674202835335 17.587977755 59.871192789 
131 20.6673190594 -95.4207229614 -92.9881973267 -55.4281997681 -54.6031030243 1 -26.4834981096 0.513786162829 -0.674202835335 17.587977755 59.871192789 
132 20.8255519867 -112.552734375 -110.12020874 -72.5602111816 -54.6035421087 2 -26.4834979204 0.51378615916 -0.628951462897 17.587977755 59.871192789 
133 20.9804301262 -98.6951675415 -96.2626419067 -58.7026443481 -54.99330454 3 -26.4834979204 0.51378615916 -0.628951462897 17.587977755 59.871192789 
134 21.117702961 -95.8570861816 -93.4245605469 -55.8645629883 -55.3436765926 1 -27.7801032481 0.409978182203 -0.412299932818 17.58798222 59.871203898 
135 21.2774779797 -110.848869324 -108.416343689 -70.8563461304 -55.3427443987 2 -27.7801032481 0.409978182203 -0.412299932818 17.58798222 59.871203898 
136 21.4385681152 -98.4515762329 -96.0190505981 -58.4590530396 -55.2885643553 3 -27.7801043508 0.409978198476 -0.663824572869 17.58798222 59.871203898 
137 21.6181721687 -96.998336792 -94.5658111572 -57.0058135986 -56.1054787169 1 -27.7801043508 0.409978198476 -0.663824572869 17.58798222 59.871203898 
138 21.7639610767 -109.632728577 -107.200202942 -69.6402053833 -56.103651026 2 -27.7801033527 0.409978183746 -0.436154520435 17.58798222 59.871203898 
139 21.9202461243 -99.3944015503 -96.9618759155 -59.4018783569 -56.3788883736 3 -27.7801033527 0.409978183746 -0.436154520435 17.58798222 59.871203898 
140 22.0853431225 -97.0556259155 -94.6231002808 -57.0631027222 -56.4216684743 1 -27.780104059 0.409978194169 -0.597250312133 17.58798222 59.871203898 
141 22.2760879993 -112.806083679 -110.373558044 -72.8135604858 -56.4254601859 2 -29.0656303059 -0.0358487445526 -0.328458541046 17.587990116 59.871214131 
142 22.4221560955 -99.0989685059 -96.6664428711 -59.1064453125 -56.3465489902 3 -29.0656303059 -0.0358487445526 -0.328458541046 17.587990116 59.871214131 
143 22.5713071823 -97.8260040283 -95.3934783936 -57.833480835 -56.8714314371 1 -29.0656300178 -0.0358487441973 -0.265639446592 17.587990116 59.871214131 
144 22.7270569801 -117.289733887 -114.857208252 -77.2972106934 -56.8726604126 2 -29.0656300178 -0.0358487441973 -0.265639446592 17.587990116 59.871214131 
145 22.9148051739 -100.543128967 -98.1106033325 -60.5506057739 -57.2868274469 3 -29.0656299084 -0.0358487440623 -0.241782636129 17.587990116 59.871214131 
146 23.0724201202 -97.9080352783 -95.4755096436 -57.915512085 -57.3503322174 1 -29.0656299084 -0.0358487440623 -0.241782636129 17.587990116 59.871214131 
147 23.2289071083 -111.978134155 -109.545608521 -71.9856109619 -57.3479873964 2 -30.2513580906 -0.0798577568368 -0.630884521174 17.587993684 59.871224406 
148 23.381757021 -100.217575073 -97.7850494385 -60.2250518799 -57.26907484 3 -30.2513580906 -0.0798577568368 -0.630884521174 17.587993684 59.871224406 
149 23.5388159752 -99.3110961914 -96.8785705566 -59.318572998 -58.2158709766 1 -30.2513559698 -0.0798577512382 -0.186629323195 17.587993684 59.871224406 
150 23.6915171146 -112.85836792 -110.425842285 -72.8658447266 -58.2171466032 2 -30.2513559698 -0.0798577512382 -0.186629323195 17.587993684 59.871224406 
151 23.8418121338 -100.710243225 -98.2777175903 -60.7177200317 -58.3994262427 3 -30.2513568399 -0.0798577535351 -0.368896028617 17.587993684 59.871224406 
152 23.9970340729 -99.1035919189 -96.6710662842 -59.1110687256 -58.2613150027 1 -30.2513568067 -0.0798577534474 -0.361935291251 17.587993684 59.871224406 
153 24.182945013 -113.598068237 -111.165542603 -73.6055450439 -58.2620672365 2 -31.3672589161 0.136895272818 -0.361929864522 17.58799443 59.871234664 
154 24.337059021 -100.883972168 -98.4514465332 -60.8914489746 -58.3166342034 3 -31.36725934 0.136895274668 -0.447549345044 17.58799443 59.871234664 
155 24.4892840385 -99.0190963745 -96.5865707397 -59.0265731812 -58.2576799567 1 -31.36725934 0.136895274668 -0.447549345044 17.58799443 59.871234664 
156 24.6410801411 -113.986328125 -111.55380249 -73.9938049316 -58.2579828796 2 -31.3672590986 0.136895273615 -0.39878615923 17.58799443 59.871234664 
157 24.8233020306 -101.565917969 -99.133392334 -61.5733947754 -58.4393923482 3 -31.3672590986 0.136895273615 -0.39878615923 17.58799443 59.871234664 
158 24.9781069756 -99.6246337891 -97.1921081543 -59.6321105957 -58.8854600416 1 -31.3672623841 0.136895287954 -1.0625267961 17.58799443 59.871234664 
159 25.1279170513 -115.087471008 -112.654945374 -75.0949478149 -58.886281879 2 -31.3672623841 0.136895287954 -1.0625267961 17.58799443 59.871234664 
160 25.2836101055 -102.044593811 -99.6120681763 -62.0520706177 -59.0146337728 3 -32.5010796313 0.33004277218 -0.82079928414 17.587995462 59.871245025 
161 25.4640569687 -100.75718689 -98.3246612549 -60.7646636963 -59.8072711762 1 -32.501079331 0.33004276913 -0.762237493548 17.587995462 59.871245025 
162 25.5992081165 -114.479721069 -112.047195435 -74.487197876 -59.8066569622 2 -32.501079331 0.33004276913 -0.762237493548 17.587995462 59.871245025 
163 25.7573361397 -101.662651062 -99.2301254272 -61.6701278687 -59.6630326653 3 -32.5010799235 0.330042775146 -0.8777595961 17.587995462 59.871245025 
164 25.9086229801 -100.925598145 -98.4930725098 -60.9330749512 -59.7628617956 1 -32.5010799235 0.330042775146 -0.8777595961 17.587995462 59.871245025 
165 26.0709531307 -112.925010681 -110.492485046 -72.9324874878 -59.7602840961 2 -32.5010772439 0.330042747936 -0.355320059278 17.587995462 59.871245025 
166 26.2223939896 -102.537483215 -100.104957581 -62.544960022 -60.0817667821 3 -33.6591289719 0.256688201687 -0.355314017353 17.587999254 59.871254991 
167 26.3778829575 -100.522338867 -98.0898132324 -60.5298156738 -59.801274185 1 -33.6591312837 0.256688219317 -0.79053786877 17.587999254 59.871254991 
168 26.5315930843 -112.389633179 -109.957107544 -72.3971099854 -59.7998389894 2 -33.6591312837 0.256688219317 -0.79053786877 17.587999254 59.871254991 
169 26.7061481476 -102.78188324 -100.349357605 -62.7893600464 -59.8661336946 3 -33.6591334992 0.256688236213 -1.20763457995 17.587999254 59.871254991 
170 26.8324961662 -100.290222168 -97.8576965332 -60.2976989746 -59.6927782301 1 -33.6591334992 0.256688236213 -1.20763457995 17.587999254 59.871254991 
171 26.9894499779 -114.635276794 -112.20275116 -74.6427536011 -59.6968100074 2 -33.6591314322 0.25668822045 -0.818495377227 17.587999254 59.871254991 
172 27.1382250786 -102.753494263 -100.320968628 -62.7609710693 -59.6899425685 3 -34.8068991155 -0.0265213582022 -0.818489182071 17.588005142 59.871264389 
173 27.3273260593 -100.759620667 -98.3270950317 -60.7670974731 -60.0350459268 1 -34.8068982912 -0.0265213575742 -0.668424934009 17.588005142 59.871264389 
174 27.4798560143 -115.252494812 -112.819969177 -75.2599716187 -60.0356896522 2 -34.8068979079 -0.0265213572821 -0.598643135672 17.588005142 59.871264389 
175 27.6400959492 -101.926956177 -99.494430542 -61.9344329834 -59.7663696208 3 -34.8068979079 -0.0265213572821 -0.598643135672 17.588005142 59.871264389 
176 27.7958681583 -99.9786682129 -97.5461425781 -59.9861450195 -59.2422326259 1 -34.8068983449 -0.0265213576151 -0.678210106553 17.588005142 59.871264389 
177 27.9812130928 -113.629837036 -111.197311401 -73.6373138428 -59.2407230605 2 -34.8068983449 -0.0265213576151 -0.678210106553 17.588005142 59.871264389 
178 28.1327741146 -103.09261322 -100.660087585 -63.1000900269 -59.5186709708 3 -34.8069001167 -0.0265213589651 -1.00077198183 17.588005142 59.871264389 
179 28.2860209942 -100.48740387 -98.0548782349 -60.4948806763 -59.9191189938 1 -35.8832338746 -0.00678592320267 -1.00076597776 17.588007777 59.871273852 
180 28.4509899616 -115.861434937 -113.428909302 -75.8689117432 -59.9216367581 2 -35.8832326902 -0.00678592297868 -0.791602621066 17.588007777 59.871273852 
181 28.6225299835 -102.736618042 -100.304092407 -62.7440948486 -59.8339288183 3 -35.8832326902 -0.00678592297868 -0.791602621066 17.588007777 59.871273852 
182 28.7802419662 -101.431983948 -98.999458313 -61.4394607544 -60.4882648239 1 -35.883231285 -0.00678592271294 -0.543451730479 17.588007777 59.871273852 
183 28.9388029575 -115.234710693 -112.802185059 -75.2421875 -60.487655196 2 -35.883231285 -0.00678592271294 -0.543451730479 17.588007777 59.871273852 
184 29.0996751785 -102.512557983 -100.080032349 -62.52003479 -60.405722706 3 -35.8832327355 -0.00678592298726 -0.799612761357 17.588007777 59.871273852 
185 29.259871006 -101.233757019 -98.8012313843 -61.2412338257 -60.2804655359 1 -36.9286937779 0.117496465867 -0.799606754624 17.588009273 59.871283283 
186 29.4140920639 -116.962837219 -114.530311584 -76.9703140259 -60.2816787592 2 -36.9286935683 0.1174964652 -0.763640280774 17.588009273 59.871283283 
187 29.5716760159 -103.923942566 -101.491416931 -63.9314193726 -60.6875709911 3 -36.9286943494 0.117496467686 -0.897678969571 17.588009273 59.871283283 
188 29.7232260704 -101.275375366 -98.8428497314 -61.2828521729 -60.7197528618 1 -36.9286943494 0.117496467686 -0.897678969571 17.588009273 59.871283283 
189 29.885269165 -114.608337402 -112.175811768 -74.615814209 -60.7173646791 2 -36.9286931928 0.117496464006 -0.699208196211 17.588009273 59.871283283 
190 30.034995079 -105.025650024 -102.59312439 -65.0331268311 -60.9235152812 3 -36.9286931928 0.117496464006 -0.699208196211 17.588009273 59.871283283 
191 30.2011351585 -101.213294983 -98.7807693481 -61.2207717896 -60.8707890718 1 -38.0504231013 0.0243076656224 -0.713259050346 17.58801317 59.871292886 
192 30.3524291515 -113.37537384 -110.942848206 -73.382850647 -60.8678326644 2 -38.0504231013 0.0243076656224 -0.713259050346 17.58801317 59.871292886 
193 30.5378301144 -103.983779907 -101.551254272 -63.9912567139 -60.6798301539 3 -38.0504219353 0.0243076648776 -0.519078354793 17.58801317 59.871292886 
194 30.6922240257 -101.580223083 -99.1476974487 -61.5876998901 -60.9603519607 1 -38.0504219353 0.0243076648776 -0.519078354793 17.58801317 59.871292886 
195 30.8532249928 -116.406776428 -113.974250793 -76.4142532349 -60.9657130077 2 -38.0504237084 0.0243076660103 -0.814363815315 17.58801317 59.871292886 
196 30.9999699593 -104.09223175 -101.659706116 -64.0997085571 -60.992135129 3 -38.0504229688 0.0243076655378 -0.691191633104 17.58801317 59.871292886 
197 31.1877391338 -102.91683197 -100.484306335 -62.9243087769 -61.9255320921 1 -39.2153729546 -0.343784711827 -0.691184522414 17.588019962 59.871302241 
198 31.3511021137 -115.009849548 -112.577323914 -75.017326355 -61.9230527451 2 -39.215372535 -0.343784708149 -0.623385400195 17.588019962 59.871302241 
199 31.5010631084 -104.318023682 -101.885498047 -64.3255004883 -62.0032178836 3 -39.215372535 -0.343784708149 -0.623377775557 17.588019962 59.871302241 
200 31.6573250294 -101.875350952 -99.4428253174 -61.8828277588 -61.2683938843 1 -39.215370939 -0.343784694157 -0.365479711761 17.588019962 59.871302241 
201 31.8372781277 -114.909965515 -112.47743988 -74.9174423218 -61.2682120323 2 -39.215370939 -0.343784694157 -0.365479711761 17.588019962 59.871302241 
202 31.9933171272 -104.204872131 -101.772346497 -64.212348938 -61.2399800838 3 -39.2153723291 -0.343784706344 -0.590111560875 17.588019962 59.871302241 
203 32.1426870823 -101.989425659 -99.5569000244 -61.9969024658 -61.324247917 1 -39.2153727124 -0.343784709704 -0.652045695917 17.588019962 59.871302241 
204 32.3018791676 -112.849769592 -110.417243958 -72.8572463989 -61.3176894661 2 -40.2743823076 -0.453300952486 -0.652039046616 17.588023859 59.871311258 
205 32.4682440758 -104.564933777 -102.132408142 -64.5724105835 -61.4069861404 3 -40.2743834332 -0.453300965155 -0.829132797091 17.588023859 59.871311258 
206 32.8450250626 -113.660797119 -111.228271484 -73.6682739258 -61.8861989514 2 -40.2743815149 -0.453300943563 -0.527302125455 17.588023859 59.871311258 
207 32.9076850414 -106.213546753 -103.781021118 -66.2210235596 -62.2503688322 3 -40.2743815149 -0.453300943563 -0.527302125455 17.588023859 59.871311258 
208 33.1304471493 -102.213546753 -99.7810211182 -62.2210235596 -61.8919594042 1 -41.3016974755 -0.406392446654 -0.263392159628 17.58802609 59.871320354 
209 33.2707700729 -115.497810364 -113.065284729 -75.5052871704 -61.8974367465 2 -41.3016974755 -0.406392446654 -0.263392159628 17.58802609 59.871320354 
210 33.4327859879 -106.229125977 -103.796600342 -66.2366027832 -61.8995574674 3 -41.3016989486 -0.406392461148 -0.48939582072 17.58802609 59.871320354 
211 33.5853259563 -102.337860107 -99.9053344727 -62.3453369141 -62.0063366771 1 -41.3016989486 -0.406392461148 -0.48939582072 17.58802609 59.871320354 
212 33.7750170231 -113.900764465 -111.468238831 -73.908241272 -62.0016322609 2 -41.3016997014 -0.406392468555 -0.604897834399 17.58802609 59.871320354 
213 33.9303600788 -105.976997375 -103.544471741 -65.9844741821 -61.9639350153 3 -41.3016997014 -0.406392468555 -0.604897834399 17.58802609 59.871320354 
214 34.0830149651 -102.598999023 -100.166473389 -62.6064758301 -62.1808291935 1 -41.3017006282 -0.406392477675 -0.747099913916 17.58802609 59.871320354 
215 34.2315020561 -114.692237854 -112.259712219 -74.6997146606 -62.1838249565 2 -42.4053795 -0.362636188732 -0.558807507474 17.588028554 59.871330111 
216 34.418751955 -105.925361633 -103.492835999 -65.9328384399 -62.1747657919 3 -42.4053795 -0.362636188732 -0.558807507474 17.588028554 59.871330111 
217 34.5715241432 -102.468544006 -100.036018372 -62.476020813 -62.067259325 1 -42.4053812043 -0.362636203307 -0.813489859413 17.588028554 59.871330111 
218 34.7250659466 -114.376869202 -111.944343567 -74.3843460083 -62.0662497352 2 -42.4053812043 -0.362636203307 -0.813489859413 17.588028554 59.871330111 
219 34.8861551285 -105.966308594 -103.533782959 -65.9737854004 -62.0730967329 3 -42.4053792607 -0.362636186687 -0.523061146796 17.588028554 59.871330111 
220 35.0768289566 -104.679573059 -102.247047424 -64.6870498657 -63.7153054629 1 -42.4053792607 -0.362636186687 -0.523061146796 17.588028554 59.871330111 
221 35.2291431427 -112.717193604 -110.284667969 -72.7246704102 -63.6970716335 2 -43.4913293906 -0.390809049161 -0.840530022264 17.588031699 59.871339549 
222 35.385477066 -106.137374878 -103.704849243 -66.1448516846 -63.755504545 3 -43.4913273618 -0.390809030931 -0.544931192921 17.588031699 59.871339549 
223 35.5431571007 -103.234977722 -100.802452087 -63.2424545288 -62.7141724476 1 -43.4913273618 -0.390809030931 -0.544931192921 17.588031699 59.871339549 
224 35.7268481255 -116.643600464 -114.211074829 -76.6510772705 -62.732315007 2 -43.4913295946 -0.390809050994 -0.870248237154 17.588031699 59.871339549 
225 35.8830599785 -105.200706482 -102.768180847 -65.2081832886 -62.5017231897 3 -43.4913295946 -0.390809050994 -0.870248237154 17.588031699 59.871339549 
226 36.0331809521 -103.168228149 -100.735702515 -63.1757049561 -62.4540560769 1 -43.4913295751 -0.390809050819 -0.867403157818 17.588031699 59.871339549 
227 36.1931829453 -113.110198975 -110.67767334 -73.1176757812 -62.4412403121 2 -43.4913295751 -0.390809050819 -0.867403157818 17.588035417 59.87134807 
228 36.3769710064 -107.573524475 -105.14099884 -67.5810012817 -62.8878015979 3 -44.4929407687 -0.497574978604 -1.22654807259 17.588035417 59.87134807 
229 36.5301940441 -103.292175293 -100.859649658 -63.2996520996 -62.9959678593 1 -44.4929407687 -0.497574978604 -1.22654807259 17.588035417 59.87134807 
230 36.686095953 -112.64250946 -110.209983826 -72.6499862671 -62.9910391735 2 -44.4929399239 -0.497574969157 -1.1062354643 17.588035417 59.87134807 
231 36.838310957 -107.73714447 -105.304618835 -67.7446212769 -63.0101595006 3 -44.4929358056 -0.497574923101 -0.519688349887 17.588035417 59.87134807 
232 37.0209531784 -103.897224426 -101.464698792 -63.9047012329 -63.5298222944 1 -44.4929358056 -0.497574923101 -0.519688349887 17.588035417 59.87134807 
233 37.1738920212 -115.263465881 -112.830940247 -75.270942688 -63.5527665128 2 -45.4653519479 -0.439951280996 -0.718979772591 17.588037395 59.87135671 
234 37.3268229961 -107.554527283 -105.122001648 -67.5620040894 -63.52529954 3 -45.4653519479 -0.439951280996 -0.718979772591 17.588037395 59.87135671 
235 37.487390995 -103.721954346 -101.289428711 -63.7294311523 -63.3771919212 1 -45.465351925 -0.439951280774 -0.715789840007 17.588037395 59.87135671 
236 37.6688671112 -115.386657715 -112.95413208 -75.3941345215 -63.3776926711 2 -45.465351925 -0.439951280774 -0.715789840007 17.588037395 59.87135671 
237 37.8229780197 -108.709815979 -106.277290344 -68.7172927856 -63.5122143045 3 -45.4653537956 -0.439951298875 -0.976500412348 17.588037395 59.87135671 
238 37.9784860611 -103.573455811 -101.140930176 -63.5809326172 -63.3774222333 1 -45.4653537956 -0.439951298875 -0.976500412348 17.588037395 59.87135671 
239 38.1391060352 -113.003707886 -110.571182251 -73.0111846924 -63.3603638558 2 -46.5302324056 -0.197536224255 -0.83928763299 17.588037747 59.87136658 
240 38.3223731518 -112.44468689 -110.012161255 -72.4521636963 -63.5171315104 3 -46.5302323233 -0.197536223906 -0.828087405413 17.588037747 59.87136658 
241 38.4798760414 -104.510063171 -102.077537537 -64.517539978 -64.4200938991 1 -46.5302323233 -0.197536223906 -0.828087405413 17.588037747 59.87136658 
242 38.6347410679 -115.195396423 -112.762870789 -75.20287323 -64.4466598773 2 -46.5302321051 -0.19753622298 -0.798372879994 17.588037747 59.87136658 
243 38.7966749668 -108.116271973 -105.683746338 -68.1237487793 -64.1265332539 3 -46.5302321051 -0.19753622298 -0.798372879994 17.588037747 59.87136658 
244 38.9769940376 -104.426651001 -101.994125366 -64.4341278076 -64.0566474965 1 -46.5302345304 -0.197536233276 -1.12866560033 17.588037747 59.87136658 
245 39.1298019886 -114.70791626 -112.275390625 -74.7153930664 -64.0534260627 2 -46.5302345304 -0.197536233276 -1.12866560033 17.588039198 59.871376097 
246 39.2903280258 -107.420120239 -104.987594604 -67.4275970459 -63.9310167824 3 -47.5838125899 -0.0666923778697 -0.679857478114 17.588039198 59.871376097 
247 39.4351351261 -104.639656067 -102.207130432 -64.6471328735 -64.0982238953 1 -47.5838149511 -0.0666923811791 -0.99429940711 17.588039198 59.871376097 
248 39.632846117 -116.892837524 -114.46031189 -76.9003143311 -64.1086163221 2 -47.5838149511 -0.0666923811791 -0.99429940711 17.588039198 59.871376097 
249 39.7662651539 -109.876556396 -107.444030762 -69.8840332031 -64.4536202263 3 -47.583812923 -0.0666923783365 -0.72421264948 17.588039198 59.871376097 
250 39.9284200668 -105.349060059 -102.916534424 -65.3565368652 -65.0926434491 1 -47.583812923 -0.0666923783365 -0.72421264948 17.588039198 59.871376097 
251 40.0896241665 -116.106651306 -113.674125671 -76.1141281128 -65.0885265754 2 -47.5838129967 -0.0666923784399 -0.734035350745 17.588039198 59.871376097 
252 40.268982172 -109.715637207 -107.283111572 -69.7231140137 -65.070251088 3 -48.6597016283 -0.09046615001 -0.734027180959 17.588042272 59.871385457 
253 40.4249141216 -105.354057312 -102.921531677 -65.3615341187 -65.0746304662 1 -48.6597027816 -0.0904661521542 -0.884215612511 17.588042272 59.871385457 
254 40.5810220242 -115.792625427 -113.360099792 -75.8001022339 -65.0725381003 2 -48.6597027816 -0.0904661521542 -0.884215612511 17.588042272 59.871385457 
255 40.7384200096 -107.648674011 -105.216148376 -67.6561508179 -64.7006060654 3 -48.6597004135 -0.0904661477515 -0.575829199218 17.588042272 59.871385457 
256 40.9272551537 -105.747962952 -103.315437317 -65.7554397583 -64.9840362433 1 -48.6597004135 -0.0904661477515 -0.575829199218 17.588042272 59.871385457 
257 41.0781731606 -114.789978027 -112.357452393 -74.797454834 -64.9753029648 2 -48.6597048448 -0.09046615599 -1.15290399997 17.588042272 59.871385457 
258 41.2346899509 -108.751106262 -106.318580627 -68.7585830688 -65.242635794 3 -49.8363206535 -0.156121909465 -0.781389967907 17.588046035 59.871395603 
259 41.3924400806 -106.820129395 -104.38760376 -66.8276062012 -66.0411764912 1 -49.8363206535 -0.156121909465 -0.781389967907 17.588046035 59.871395603 
260 41.5765810013 -115.456069946 -113.023544312 -75.4635467529 -66.0513715506 2 -49.8363229827 -0.156121916761 -1.07754438129 17.588046035 59.871395603 
261 41.7259800434 -107.018630981 -104.586105347 -67.0261077881 -65.3982650669 3 -49.8363229827 -0.156121916761 -1.07754438129 17.588046035 59.871395603 
262 41.8783290386 -106.04712677 -103.614601135 -66.0546035767 -64.9640010711 1 -49.8363236201 -0.156121918758 -1.15859362835 17.588046035 59.871395603 
263 42.035089016 -114.894844055 -112.46231842 -74.9023208618 -64.9589188808 2 -49.8363236201 -0.156121918758 -1.15859362835 17.588046035 59.871395603 
264 42.187841177 -108.551170349 -106.118644714 -68.5586471558 -65.4310397556 3 -51.0500677245 -0.0316229528485 -1.01341817147 17.588047972 59.871406507 
265 42.3826670647 -106.540779114 -104.108253479 -66.5482559204 -65.7905696884 1 -51.0500674973 -0.0316229527077 -0.985209919758 17.588047972 59.871406507 
266 42.5297281742 -116.387580872 -113.955055237 -76.3950576782 -65.8068816939 2 -51.0500674973 -0.0316229527077 -0.985209919758 17.588047972 59.871406507 
267 42.6892559528 -109.677627563 -107.245101929 -69.6851043701 -66.0696586974 3 -51.0500670296 -0.031622952418 -0.927150841699 17.588047972 59.871406507 
268 42.8413000107 -104.934829712 -102.502304077 -64.9423065186 -64.7006866272 1 -51.0500670296 -0.031622952418 -0.927150841699 17.588047972 59.871406507 
269 43.033427 -114.23575592 -111.803230286 -74.2432327271 -64.683896208 2 -51.0500669061 -0.0316229523415 -0.91182181269 17.588047972 59.871406507 
270 43.1981601715 -107.60748291 -105.174957275 -67.6149597168 -64.3628298639 3 -51.0500669061 -0.0316229523415 -0.91182181269 17.588048664 59.871416375 
271 43.3525700569 -106.366226196 -103.933700562 -66.3737030029 -65.3649638652 1 -52.1229267569 0.17926202653 -1.0257719741 17.588048664 59.871416375 
272 43.5022311211 -115.606781006 -113.174255371 -75.6142578125 -65.3820714458 2 -52.1229267569 0.17926202653 -1.0257719741 17.588048664 59.871416375 
273 43.6885910034 -109.12928772 -106.696762085 -69.1367645264 -65.8134694287 3 -52.122925643 0.1792620227 -0.890351897062 17.588048664 59.871416375 
274 43.8439700603 -107.717323303 -105.284797668 -67.7248001099 -66.7754480984 1 -52.122925643 0.1792620227 -0.890351897062 17.588048664 59.871416375 
275 43.9983551502 -116.342193604 -113.909667969 -76.3496704102 -66.7861231127 2 -52.1229277108 0.179262029811 -1.14174473862 17.588048664 59.871416375 
276 44.1564400196 -109.52318573 -107.090660095 -69.5306625366 -66.9117144174 3 -52.1229261167 0.179262024329 -0.947942040083 17.588048664 59.871416375 
277 44.343075037 -108.580955505 -106.148429871 -68.588432312 -67.4670532531 1 -53.2056492579 0.582298623058 -0.947933018193 17.588047438 59.871426767 
278 44.4905259609 -116.700798035 -114.2682724 -76.7082748413 -67.4725903072 2 -53.205650625 0.582298638019 -1.11075113372 17.588047438 59.871426767 
279 44.6506910324 -108.305984497 -105.873458862 -68.3134613037 -66.9174046775 3 -53.205650625 0.582298638019 -1.11075113372 17.588047438 59.871426767 
280 44.7953801155 -107.584976196 -105.152450562 -67.5924530029 -66.399103331 1 -53.205650824 0.582298640197 -1.13444977785 17.588047438 59.871426767 
281 44.9893939495 -113.073875427 -110.641349792 -73.0813522339 -66.3193489239 2 -53.2056487447 0.582298617441 -0.886805300938 17.588047438 59.871426767 
282 45.144026041 -107.065742493 -104.633216858 -67.0732192993 -65.7371453497 3 -53.2056487447 0.582298617441 -0.886805300938 17.588047438 59.871426767 
283 45.2989280224 -107.625038147 -105.192512512 -67.6325149536 -65.7541029809 1 -54.4233944186 0.822696219662 -0.896517370515 17.588048213 59.87143797 
284 45.4542541504 -114.820487976 -112.387962341 -74.8279647827 -65.7955861597 2 -54.4233944186 0.822696219662 -0.896517370515 17.588048213 59.87143797 
285 45.6377420425 -111.127662659 -108.695137024 -71.1351394653 -67.1730038644 3 -54.4233965101 0.822696251278 -1.14003762868 17.588048213 59.87143797 
286 45.7969141006 -108.058128357 -105.625602722 -68.0656051636 -67.5165529237 1 -54.4233965101 0.822696251278 -1.14003762868 17.588048213 59.87143797 
287 45.9495401382 -115.884651184 -113.452125549 -75.8921279907 -67.5457651558 2 -54.4233953045 0.822696233053 -0.99966066248 17.588048213 59.87143797 
288 46.1009280682 -108.947128296 -106.514602661 -68.9546051025 -66.9245574486 3 -54.4233953045 0.822696233053 -0.99966066248 17.58805215 59.871448874 
289 46.2942481041 -109.428062439 -106.995536804 -69.4355392456 -67.6277962184 1 -55.6853340711 0.762052328886 -0.70010006054 17.58805215 59.871448874 
290 46.443655014 -115.482536316 -113.050010681 -75.4900131226 -67.6179937601 2 -55.6853340711 0.762052328886 -0.70010006054 17.58805215 59.871448874 
291 46.6003711224 -107.34803772 -104.915512085 -67.3555145264 -66.6135608578 3 -55.6853382362 0.762052385884 -1.17406684418 17.58805215 59.871448874 
292 46.7532830238 -107.977180481 -105.544654846 -67.9846572876 -66.1131038498 1 -55.6853334216 0.762052319998 -0.626187657389 17.58805215 59.871448874 
293 46.9422609806 -114.928604126 -112.496078491 -74.9360809326 -66.1047130082 2 -55.6853334216 0.762052319998 -0.626187657389 17.58805215 59.871448874 
294 47.1114890575 -109.160820007 -106.728294373 -69.168296814 -66.9364078727 3 -55.68533476 0.762052338313 -0.778487318393 17.58805215 59.871448874 
295 47.2554671764 -107.289855957 -104.857330322 -67.2973327637 -66.487280724 1 -56.756653851 0.914316960784 -0.77846479936 17.588053431 59.871458595 
296 47.4415299892 -116.063995361 -113.631469727 -76.071472168 -66.5054189524 2 -56.7566532281 0.91431695075 -0.708917710011 17.588053431 59.871458595 
297 47.6227769852 -109.411010742 -106.978485107 -69.4184875488 -66.5758791302 3 -56.7566532281 0.91431695075 -0.708917710011 17.588053431 59.871458595 
298 47.780725956 -109.696022034 -107.263496399 -69.7034988403 -67.9977945812 1 -56.7566559248 0.914316994192 -1.01000418279 17.588053431 59.871458595 
299 47.9298090935 -116.926811218 -114.494285583 -76.9342880249 -68.0151521463 2 -56.7566537622 0.914316959355 -0.768558377842 17.588053431 59.871458595 
300 48.0913820267 -107.779823303 -105.347297668 -67.7873001099 -67.0127730094 3 -57.7955165787 1.25008871349 -0.768548931605 17.58805277 59.87146845 
301 48.2875649929 -112.26764679 -109.835121155 -72.2751235962 -67.500087786 1 -57.795516361 1.25008870878 -0.744682109255 17.58805277 59.87146845 
302 48.4438171387 -114.397644043 -111.965118408 -74.4051208496 -67.4388259336 2 -57.795516361 1.25008870878 -0.744682109255 17.58805277 59.87146845 
303 48.5900900364 -108.482521057 -106.049995422 -68.4899978638 -68.0218646262 3 -57.795517339 1.25008872993 -0.851905916399 17.58805277 59.87146845 
304 48.7481939793 -108.798072815 -106.36554718 -68.8055496216 -67.061807469 1 -57.795517339 1.25008872993 -0.851905916399 17.58805277 59.87146845 
305 48.93810606 -114.367874146 -111.935348511 -74.3753509521 -67.0607888935 2 -57.7955170127 1.25008872287 -0.816128453727 17.58805277 59.87146845 
306 49.0866210461 -109.712776184 -107.280250549 -69.7202529907 -67.6113626179 3 -57.7955170412 1.25008872349 -0.819259656262 17.58805277 59.87146845 
307 49.2410800457 -111.452575684 -109.020050049 -71.4600524902 -68.7462927117 1 -58.8953233466 1.40443146301 -0.819249496844 17.588054105 59.871478425 
308 49.3997900486 -114.259918213 -111.827392578 -74.2673950195 -68.7380238062 2 -58.8953233628 1.4044314634 -0.820995042988 17.588054105 59.871478425 
309 49.5855009556 -108.215690613 -105.783164978 -68.2231674194 -67.67518705 3 -58.8953233628 1.4044314634 -0.820995042988 17.588054105 59.871478425 
310 49.7360620499 -111.107154846 -108.674629211 -71.1146316528 -67.6106358659 1 -58.8953235847 1.40443146869 -0.844861882871 17.588054105 59.871478425 
311 49.9010441303 -115.49168396 -113.059158325 -75.4991607666 -67.6549178949 2 -58.8953235847 1.40443146869 -0.844861882871 17.588054105 59.871478425 
312 50.0555579662 -107.906524658 -105.473999023 -67.9140014648 -67.4131366209 3 -58.8953247591 1.40443149669 -0.971224052471 17.588054105 59.871478425 
313 50.2371730804 -114.094467163 -111.661941528 -74.1019439697 -67.7303161323 1 -59.9949028668 1.43189720294 -0.971213731791 17.588056723 59.871488109 
314 50.39833498 -113.45489502 -111.022369385 -73.4623718262 -67.6379751382 2 -59.9949020748 1.43189718403 -0.887554139398 17.588056723 59.871488109 
315 50.547825098 -108.554176331 -106.121650696 -68.5616531372 -68.1973705407 3 -59.9949020748 1.43189718403 -0.887554139398 17.588056723 59.871488109 
316 50.6995990276 -109.904586792 -107.472061157 -69.9120635986 -67.4853051795 1 -59.9949031939 1.43189721074 -1.00575485581 17.588056723 59.871488109 
317 50.8935060501 -116.68598175 -114.253456116 -76.6934585571 -67.595237107 2 -59.994903674 1.4318972222 -1.05646288188 17.588056723 59.871488109 
318 51.0430891514 -110.416893005 -107.984367371 -70.424369812 -68.5952249807 3 -59.994903674 1.4318972222 -1.05646288188 17.588056723 59.871488109 
319 51.1957530975 -110.314056396 -107.881530762 -70.3215332031 -68.8088942005 1 -59.9949032429 1.43189721191 -1.01093794293 17.588056723 59.871488109 
320 51.3410990238 -115.828231812 -113.395706177 -75.8357086182 -68.7812075109 2 -61.0291014186 1.34349865488 -1.01092808643 17.588060341 59.871496957 
321 51.5306601524 -109.682662964 -107.250137329 -69.6901397705 -68.4057165146 3 -61.0290996831 1.34349861668 -0.830731596703 17.588060341 59.871496957 
322 51.6791601181 -109.00189209 -106.569366455 -69.0093688965 -67.764594861 1 -61.0290996831 1.34349861668 -0.830731596703 17.588060341 59.871496957 
323 51.8337790966 -113.99168396 -111.559158325 -73.9991607666 -67.6955112039 2 -61.0291061643 1.34349875936 -1.50368776689 17.588060341 59.871496957 
324 51.9891591072 -109.672592163 -107.240066528 -69.6800689697 -67.6914864139 3 -61.0291000944 1.34349862573 -0.873433873584 17.588060341 59.871496957 
325 52.1743631363 -110.694824219 -108.262298584 -70.7023010254 -68.4508276976 1 -62.1267303609 1.3696664111 -0.873423202278 17.588062967 59.871506621 
326 52.3329720497 -113.543655396 -111.111129761 -73.5511322021 -68.4125121696 2 -62.1267299916 1.36966640296 -0.835753271503 17.588062967 59.871506621 
327 52.4869320393 -108.612564087 -106.180038452 -68.6200408936 -67.7591690987 3 -62.1267299916 1.36966640296 -0.835753271503 17.588062967 59.871506621 
328 52.64381814 -109.093200684 -106.660675049 -69.1006774902 -67.2209452358 1 -62.126735595 1.36966652649 -1.40729241772 17.588062967 59.871506621 
329 52.8272709846 -116.206687927 -113.774162292 -76.2141647339 -67.305740211 2 -62.126735595 1.36966652649 -1.40729241772 17.588062967 59.871506621 
330 52.99041605 -108.228157043 -105.795631409 -68.2356338501 -67.0875013008 3 -62.1267309059 1.36966642311 -0.929010929317 17.588062967 59.871506621 
331 53.1288321018 -110.891349792 -108.458824158 -70.8988265991 -67.6349008567 1 -62.1267309059 1.36966642311 -0.929010929317 17.588062967 59.871506621 
332 53.2930271626 -115.704238892 -113.271713257 -75.7117156982 -67.6240524177 2 -63.1594300842 1.56228819769 -0.8990343257 17.588063738 59.871516096 
333 53.480189085 -108.661018372 -106.228492737 -68.6684951782 -67.9424075244 3 -63.1594300842 1.56228819769 -0.8990343257 17.588063738 59.871516096 
334 53.6269040108 -111.284362793 -108.851837158 -71.2918395996 -68.0365519984 1 -63.1594352158 1.56228832462 -1.41388740331 17.588063738 59.871516096 
335 53.7862591743 -115.057266235 -112.624740601 -75.064743042 -68.0146760861 2 -63.159429917 1.56228819355 -0.882262663559 17.588063738 59.871516096 
336 53.9363491535 -111.183563232 -108.751037598 -71.1910400391 -69.556677023 3 -63.159429917 1.56228819355 -0.882262663559 17.588063738 59.871516096 
337 54.1211340427 -111.519180298 -109.086654663 -71.5266571045 -69.6591561454 1 -63.1594348091 1.56228831456 -1.37308425498 17.588063738 59.871516096 
338 54.2796070576 -113.845443726 -111.412918091 -73.8529205322 -69.5285397039 2 -64.1944044349 1.78218908773 -1.37307379711 17.588064239 59.871525653 
339 54.4293751717 -109.283126831 -106.850601196 -69.2906036377 -68.440130681 3 -64.1943997525 1.78218895774 -0.910853577652 17.588064239 59.871525653 
340 54.5891909599 -109.625335693 -107.192810059 -69.6328125 -67.8110883517 1 -64.1943997525 1.78218895774 -0.910853577652 17.588064239 59.871525653 
341 54.7492041588 -116.911407471 -114.478881836 -76.9188842773 -67.9151920885 2 -64.1944019785 1.78218901954 -1.13059708857 17.588064239 59.871525653 
342 54.9004631042 -108.720207214 -106.28768158 -68.727684021 -67.5983777246 3 -64.1944019785 1.78218901954 -1.13059708857 17.588064239 59.871525653 
343 55.0652780533 -111.063331604 -108.630805969 -71.0708084106 -68.0553314787 1 -64.1944000754 1.7821889667 -0.94272777697 17.588064239 59.871525653 
344 55.2218000889 -115.592453003 -113.159927368 -75.5999298096 -68.0249208227 2 -65.2054624539 1.97540472058 -1.22681060844 17.588064947 59.87153494 
345 55.4055030346 -109.136657715 -106.70413208 -69.1441345215 -68.3180176506 3 -65.2054624539 1.97540472058 -1.22681060844 17.588064947 59.87153494 
346 55.5615589619 -112.156837463 -109.724311829 -72.16431427 -68.5743934103 1 -65.2054618695 1.97540470287 -1.1700097496 17.588064947 59.87153494 
347 55.7119250298 -116.859695435 -114.4271698 -76.8671722412 -68.612498112 2 -65.2054618695 1.97540470287 -1.1700097496 17.588064947 59.87153494 
348 55.8636510372 -107.846839905 -105.41431427 -67.8543167114 -67.5448693679 3 -65.2054602841 1.97540465484 -1.01593936281 17.588064947 59.87153494 
349 56.054516077 -111.600639343 -109.168113708 -71.6081161499 -67.4706186479 1 -65.2054602841 1.97540465484 -1.01593936281 17.588064947 59.87153494 
350 56.2061290741 -113.09992218 -110.667396545 -73.1073989868 -67.3412637502 2 -66.3032230663 2.09017226164 -0.731558726056 17.588066677 59.871544807 
351 56.3657960892 -109.915390015 -107.48286438 -69.9228668213 -68.7822410478 3 -66.3032230663 2.09017226164 -0.731558726056 17.588066677 59.871544807 
352 56.5260140896 -112.566169739 -110.133644104 -72.5736465454 -69.0054650244 1 -66.3032252505 2.0901723305 -0.940310724917 17.588066677 59.871544807 
353 56.6893160343 -112.175201416 -109.742675781 -72.1826782227 -68.8377793069 2 -66.3032267056 2.09017237637 -1.07937727595 17.588066677 59.871544807 
354 56.8433849812 -110.877502441 -108.444976807 -70.884979248 -69.3694274275 3 -66.3032267056 2.09017237637 -1.07937727595 17.588066677 59.871544807 
355 57.0042221546 -111.238349915 -108.80582428 -71.2458267212 -68.9866206553 1 -66.3032281622 2.09017242229 -1.21859109073 17.588066677 59.871544807 
356 57.1551570892 -114.054176331 -111.621650696 -74.0616531372 -69.2962732726 2 -67.3712620738 2.28754433958 -1.2185797571 17.588067493 59.871554602 
357 57.3487510681 -108.382865906 -105.950340271 -68.3903427124 -67.7517716087 3 -67.3712599395 2.28754426712 -1.01783876973 17.588067493 59.871554602 
358 57.5037791729 -111.368133545 -108.93560791 -71.3756103516 -67.7771245294 1 -67.3712599395 2.28754426712 -1.01783876973 17.588067493 59.871554602 
359 57.6506280899 -115.354179382 -112.921653748 -75.361656189 -67.8319491526 2 -67.371259402 2.28754424887 -0.967283520648 17.588067493 59.871554602 
360 57.8092210293 -109.564170837 -107.131645203 -69.571647644 -68.6836446823 3 -67.3712602028 2.28754427606 -1.0426031872 17.588067493 59.871554602 
361 57.9963951111 -111.623046875 -109.19052124 -71.6305236816 -68.7544090521 1 -67.3712602028 2.28754427606 -1.0426031872 17.588067493 59.871554602 
362 58.1447851658 -116.569297791 -114.136772156 -76.5767745972 -68.7992615335 2 -67.3712602028 2.28754427606 -1.0426031872 17.588067493 59.871554602 
363 58.3043131828 -109.750015259 -107.317489624 -69.7574920654 -68.9277932099 3 -68.4454546709 2.5652989952 -1.07743343116 17.588067512 59.871564634 
364 58.4569549561 -111.037979126 -108.605453491 -71.0454559326 -68.7425167218 1 -68.4454546709 2.5652989952 -1.07743343116 17.588067512 59.871564634 
365 58.6193721294 -114.984619141 -112.552093506 -74.9920959473 -68.6801574062 2 -68.4454531031 2.56529893644 -0.93228184822 17.588067512 59.871564634 
366 58.7679150105 -110.795791626 -108.363265991 -70.8032684326 -69.2553807046 3 -68.4454525233 2.56529891471 -0.878611372247 17.588067512 59.871564634 
367 58.9206690788 -110.864608765 -108.43208313 -70.8720855713 -69.1776458988 1 -68.4454525233 2.56529891471 -0.878611372247 17.588067512 59.871564634 
368 59.0829429626 -114.420204163 -111.987678528 -74.4276809692 -69.1337949103 2 -68.4454515898 2.56529887972 -0.792178749078 17.588067512 59.871564634 
369 59.2579300404 -110.818229675 -108.385704041 -70.8257064819 -69.1441674561 3 -69.6065139836 2.70603289095 -0.792166043051 17.588069146 59.871575114 
370 59.4076581001 -110.979606628 -108.547080994 -70.9870834351 -69.1953074982 1 -69.6065160241 2.70603297028 -0.977934082044 17.588069146 59.871575114 
371 59.5612900257 -115.191390991 -112.758865356 -75.1988677979 -69.2544289266 2 -69.6065160241 2.70603297028 -0.977934082044 17.588069146 59.871575114 
372 59.711591959 -110.733787537 -108.301261902 -70.7412643433 -69.2130640025 3 -69.6065149867 2.70603292995 -0.883491648567 17.588069146 59.871575114 
373 59.9015951157 -112.092582703 -109.660057068 -72.1000595093 -69.6364953474 1 -69.6065154036 2.70603294616 -0.921445756559 17.588069146 59.871575114 
