Nr Etime Raw dBm dBmW/m2 sum:dBmW/m2 loop X Y Z 
1 0 -113.970405579 -111.537879944 -73.9778823853 -72.5288688269 3 -86.9758054391 6.57668966789 -0.890685583309 17.588075731 59.871735914 
2 0.0360860824585 -115.342796326 -112.910270691 -75.3502731323 -72.6448980905 1 -86.9758050617 6.57668963935 -0.863187000889 17.588075731 59.871735914 
3 0.236227035522 -116.675079346 -114.242553711 -76.6825561523 -72.6783538473 2 -86.9758050617 6.57668963935 -0.863187000889 17.588075731 59.871735914 
4 0.395170927048 -113.805488586 -111.372962952 -73.8129653931 -72.5861596207 3 -86.9758040366 6.57668956184 -0.788498231182 17.588075731 59.871735914 
5 0.54650592804 -115.515335083 -113.082809448 -75.5228118896 -72.6331069183 1 -86.9758040366 6.57668956184 -0.788498231182 17.588075731 59.871735914 
6 0.706389904022 -114.212738037 -111.780212402 -74.2202148438 -72.0194736895 2 -86.9638335935 6.61785538825 -0.996568554247 17.588075283 59.871735903 
7 0.867611885071 -114.79649353 -112.363967896 -74.8039703369 -72.3991886336 3 -86.9638335935 6.61785538825 -0.996568554247 17.588075283 59.871735903 
8 1.01258707047 -114.17150116 -111.738975525 -74.1789779663 -71.9973012934 1 -86.9638349333 6.61785549021 -1.09419772703 17.588075283 59.871735903 
9 1.17174887657 -112.469802856 -110.037277222 -72.4772796631 -71.2018440007 2 -86.9638349333 6.61785549021 -1.09419772703 17.588075283 59.871735903 
10 1.32632708549 -113.093765259 -110.661239624 -73.1012420654 -70.7582842713 3 -86.9638331569 6.61785535503 -0.964758963136 17.588075283 59.871735903 
11 1.49358701706 -116.236282349 -113.803756714 -76.2437591553 -71.0531684731 1 -86.9638302107 6.61785513083 -0.750076992902 17.588075283 59.871735903 
12 1.64067292213 -113.069129944 -110.636604309 -73.0766067505 -71.3435730086 2 -86.9398650746 6.64977066225 -0.750077289002 17.588074897 59.871735766 
13 1.80374789238 -114.330718994 -111.898193359 -74.3381958008 -71.8100056633 3 -86.9398696979 6.64977101588 -1.08706205201 17.588074897 59.871735766 
14 1.96222901344 -114.173728943 -111.741203308 -74.1812057495 -71.403701832 1 -86.9398696979 6.64977101588 -1.08706205201 17.588074897 59.871735766 
15 2.14224100113 -114.622596741 -112.190071106 -74.6300735474 -71.9896734983 2 -86.9398609443 6.64977034634 -0.44903383726 17.588074897 59.871735766 
16 2.2883939743 -114.043891907 -111.611366272 -74.0513687134 -71.888114455 3 -86.9398609442 6.64977034633 -0.449024923939 17.588074897 59.871735766 
17 2.43913388252 -113.564117432 -111.131591797 -73.5715942383 -71.6561515586 1 -86.9398666274 6.64977078102 -0.863258507125 17.588074897 59.871735766 
18 2.59450006485 -114.452926636 -112.020401001 -74.4604034424 -71.6117446891 2 -86.4666875961 6.47608378482 -0.863265160469 17.588075408 59.87173123 
19 2.78155088425 -115.763511658 -113.330986023 -75.7709884644 -72.0370185844 3 -86.4667115675 6.47608558021 -2.62003745513 17.588075408 59.87173123 
20 2.93062090874 -114.725296021 -112.292770386 -74.7327728271 -72.5332788578 1 -86.4666846201 6.47608356194 -0.645171810006 17.588075408 59.87173123 
21 3.08234000206 -115.766822815 -113.33429718 -75.7742996216 -72.9825450451 2 -86.4666846201 6.47608356194 -0.645171810006 17.588075408 59.87173123 
22 3.24462294579 -115.54221344 -113.109687805 -75.5496902466 -72.9189776043 3 -86.4666892052 6.47608390534 -0.981195798779 17.588075408 59.87173123 
23 3.40640807152 -115.671287537 -113.238761902 -75.6787643433 -73.2800234778 1 -86.4666892052 6.47608390534 -0.981195798779 17.588075408 59.87173123 
24 3.56363797188 -116.472602844 -114.040077209 -76.4800796509 -73.4800054325 2 -86.4666798732 6.47608320641 -0.297287614294 17.588075408 59.87173123 
25 3.71054887772 -114.295013428 -111.862487793 -74.3024902344 -72.9116755789 3 -85.6454719078 6.43291365077 -0.297298810514 17.588073682 59.871723946 
26 3.87505292892 -114.342292786 -111.909767151 -74.3497695923 -72.4514917734 1 -85.6454817969 6.43291439355 -1.02897817284 17.588073682 59.871723946 
27 4.03367185593 -113.72013855 -111.287612915 -73.7276153564 -71.7220924173 2 -85.6454817969 6.43291439355 -1.02897817284 17.588073682 59.871723946 
28 4.1874320507 -114.629264832 -112.196739197 -74.6367416382 -71.8186115409 3 -85.6454834875 6.43291452053 -1.15406654388 17.588073682 59.871723946 
29 4.34661006927 -115.148803711 -112.716278076 -75.1562805176 -72.0394729714 1 -85.6454834875 6.43291452053 -1.15406654388 17.588073682 59.871723946 
30 4.49992489815 -114.144065857 -111.711540222 -74.1515426636 -72.2240983411 2 -85.6454866588 6.43291475873 -1.38870651798 17.588073682 59.871723946 
31 4.68723702431 -114.958343506 -112.525817871 -74.9658203125 -72.3270256935 3 -84.5883099781 6.39227075424 -1.38872076045 17.588071309 59.871714603 
32 4.83576798439 -112.741622925 -110.30909729 -72.7490997314 -71.3731070079 1 -84.5883080576 6.39227060911 -1.24485387306 17.588071309 59.871714603 
33 4.98889088631 -114.654197693 -112.221672058 -74.6616744995 -71.5034072463 2 -84.588301887 6.3922701428 -0.782587683676 17.588071309 59.871714603 
34 5.14533090591 -115.496368408 -113.063842773 -75.5038452148 -71.6023733833 3 -84.588301887 6.3922701428 -0.782587683676 17.588071309 59.871714603 
35 5.30951786041 -113.022026062 -110.589500427 -73.0295028687 -71.7633247647 1 -84.588306697 6.39227050628 -1.14291964957 17.588071309 59.871714603 
36 5.47144198418 -115.888465881 -113.455940247 -75.895942688 -72.0264679056 2 -84.588306697 6.39227050628 -1.14291964957 17.588071309 59.871714603 
37 5.6192688942 -115.782844543 -113.350318909 -75.7903213501 -72.0812638415 3 -83.6098470981 6.29244930034 -1.04526716472 17.588069742 59.871705814 
38 5.81186389923 -113.367759705 -110.93523407 -73.3752365112 -72.2982841606 1 -83.6098462691 6.29244923795 -0.982437394853 17.588069742 59.871705814 
39 5.98995089531 -115.251098633 -112.818572998 -75.2585754395 -72.1613880501 2 -83.6098462691 6.29244923795 -0.982437394853 17.588069742 59.871705814 
40 6.14744496346 -114.551681519 -112.119155884 -74.5591583252 -71.8703073071 3 -83.6098497849 6.29244950255 -1.24890135396 17.588069742 59.871705814 
41 6.30217790604 -114.670455933 -112.237930298 -74.6779327393 -72.42546224 1 -83.6098497849 6.29244950255 -1.24890135396 17.588069742 59.871705814 
42 6.45868802071 -115.483146667 -113.050621033 -75.4906234741 -72.4859958216 2 -83.6098432879 6.29244901359 -0.756488106204 17.588069742 59.871705814 
43 6.61808800697 -113.036369324 -110.603843689 -73.0438461304 -71.7732217785 3 -83.6098432879 6.29244901359 -0.756488106204 17.588069742 59.871705814 
44 6.77317285538 -112.727279663 -110.294754028 -72.7347564697 -71.0741774762 1 -82.7216922267 6.10345196685 -1.37469267597 17.588069315 59.871697612 
45 6.93282389641 -115.75063324 -113.318107605 -75.7581100464 -71.1073556338 2 -82.7216922267 6.10345196685 -1.37469267597 17.588069315 59.871697612 
46 7.08185386658 -112.850212097 -110.417686462 -72.8576889038 -71.0291060474 3 -82.7216936077 6.10345206874 -1.48048370045 17.588069315 59.871697612 
47 7.26927900314 -112.797721863 -110.365196228 -72.8051986694 -71.060937533 1 -82.7216936077 6.10345206874 -1.48048370045 17.588069315 59.871697612 
48 7.41983389854 -116.500701904 -114.06817627 -76.5081787109 -71.1351047861 2 -82.7216867648 6.10345156386 -0.956296406712 17.588069315 59.871697612 
49 7.575496912 -110.992233276 -108.559707642 -70.999710083 -70.098309876 3 -82.7216867648 6.10345156386 -0.956296406712 17.588069315 59.871697612 
50 7.72766089439 -112.263206482 -109.830680847 -72.2706832886 -69.9307143084 1 -81.7964785807 5.89611031511 -1.24519578689 17.588068976 59.871689044 
51 7.88952493668 -113.980743408 -111.548217773 -73.9882202148 -69.711968314 2 -81.7964785807 5.89611031511 -1.24519578689 17.588068976 59.871689044 
52 8.04108786583 -113.60131073 -111.168785095 -73.6087875366 -70.7727181842 3 -81.7964795445 5.89611038459 -1.31986477951 17.588068976 59.871689044 
53 8.20014595985 -113.387382507 -110.954856873 -73.394859314 -71.2646789635 1 -81.7964795445 5.89611038459 -1.31986477951 17.588068976 59.871689044 
54 8.3529188633 -114.726615906 -112.294090271 -74.7340927124 -71.4526828067 2 -81.7964794412 5.89611037714 -1.3118652483 17.588068976 59.871689044 
55 8.51765298843 -110.894439697 -108.461914062 -70.9019165039 -70.0381997185 3 -81.7964800035 5.89611041767 -1.35542334083 17.588068976 59.871689044 
56 8.66743898392 -112.546401978 -110.113876343 -72.5538787842 -69.8296356324 1 -80.8027235675 5.89500659066 -1.35543609087 17.58806637 59.871680346 
57 8.82097101212 -114.940361023 -112.507835388 -74.9478378296 -69.8510123742 2 -80.8027205272 5.89500636884 -1.11700062191 17.58806637 59.871680346 
58 8.97488999367 -114.042755127 -111.610229492 -74.0502319336 -71.2367835593 3 -80.8027205272 5.89500636884 -1.11700062191 17.58806637 59.871680346 
59 9.13689994812 -112.664039612 -110.231513977 -72.6715164185 -71.300132014 1 -80.8027206796 5.89500637996 -1.12895463907 17.58806637 59.871680346 
60 9.2949450016 -115.865318298 -113.432792664 -75.872795105 -71.4452751774 2 -80.8027206796 5.89500637996 -1.12895463907 17.58806637 59.871680346 
61 9.45068192482 -113.941612244 -111.509086609 -73.9490890503 -71.4143012377 3 -80.8027230846 5.89500655543 -1.31756576541 17.58806637 59.871680346 
62 9.60764408112 -114.457145691 -112.024620056 -74.4646224976 -72.2359794617 1 -80.8027230846 5.89500655543 -1.31756576541 17.58806637 59.871680346 
63 9.76280999184 -115.643814087 -113.211288452 -75.6512908936 -72.19272559 2 -80.0402710879 6.06600851458 -1.02391046087 17.588062632 59.871674064 
64 9.91276407242 -116.076782227 -113.644256592 -76.0842590332 -72.902355122 3 -80.0402710879 6.06600851458 -1.02391046087 17.588062632 59.871674064 
65 10.0645968914 -114.23135376 -111.798828125 -74.2388305664 -72.7894559042 1 -80.0402699958 6.06600843181 -0.937445107335 17.588062632 59.871674064 
66 10.2226500511 -115.993690491 -113.561164856 -76.0011672974 -72.877728739 2 -80.0402699958 6.06600843181 -0.937445107335 17.588062632 59.871674064 
67 10.3870868683 -115.170097351 -112.737571716 -75.1775741577 -72.6348154283 3 -80.0402727197 6.06600863825 -1.1530965355 17.588062632 59.871674064 
68 10.5443060398 -113.068763733 -110.636238098 -73.0762405396 -72.0020468542 1 -80.040270651 6.06600848147 -0.989318639964 17.588062632 59.871674064 
69 10.707875967 -116.937507629 -114.504981995 -76.944984436 -72.1269358791 2 -79.1485912704 6.16491877069 -0.98932974465 17.588059283 59.871666487 
70 10.8500249386 -111.487785339 -109.055259705 -71.495262146 -70.5238914634 3 -79.1485911304 6.16491875978 -0.978121402631 17.588059283 59.871666487 
71 11.0036668777 -112.268760681 -109.836235046 -72.2762374878 -70.244123281 1 -79.1485911304 6.16491875978 -0.978121402631 17.588059283 59.871666487 
72 11.1620659828 -115.340995789 -112.908470154 -75.3484725952 -70.1389680161 2 -79.1485941636 6.16491899604 -1.22096325395 17.588059283 59.871666487 
73 11.3083159924 -111.780448914 -109.347923279 -71.7879257202 -70.2907650984 3 -79.1485941636 6.16491899604 -1.22096325395 17.588059283 59.871666487 
74 11.4683220387 -114.616378784 -112.183853149 -74.6238555908 -70.9588223147 1 -79.1485925007 6.16491886651 -1.08782997417 17.588059283 59.871666487 
75 11.6503119469 -114.910140991 -112.477615356 -74.9176177979 -70.8965978426 2 -78.2434902819 6.08666465921 -1.08784128993 17.588057691 59.871658389 
76 11.803853035 -114.916572571 -112.484046936 -74.9240493774 -72.4316541496 3 -78.2434926532 6.08666484368 -1.27988729086 17.588057691 59.871658389 
77 11.9562580585 -113.0623703 -110.629844666 -73.0698471069 -71.7307366524 1 -78.2434926532 6.08666484368 -1.27988729086 17.588057691 59.871658389 
78 12.1137878895 -115.34929657 -112.916770935 -75.3567733765 -71.8243624265 2 -78.2434906296 6.08666468626 -1.11600021908 17.588057691 59.871658389 
79 12.2690479755 -113.821037292 -111.388511658 -73.8285140991 -71.5068908661 3 -78.2434917387 6.08666477254 -1.20582564184 17.588057691 59.871658389 
80 12.4315590858 -115.358337402 -112.925811768 -75.365814209 -72.3371326962 1 -78.2434917387 6.08666477254 -1.20582564184 17.588057691 59.871658389 
81 12.5910069942 -115.543624878 -113.111099243 -75.5511016846 -72.3839050097 2 -78.2434898047 6.08666462209 -1.04919519957 17.588057691 59.871658389 
82 12.7412860394 -112.096244812 -109.663719177 -72.1037216187 -71.3315269569 3 -77.3590953013 6.08032350871 -1.04920606402 17.588055426 59.871650636 
83 12.9198079109 -116.152168274 -113.719642639 -76.1596450806 -71.4378160423 1 -77.3590974157 6.0803236749 -1.22240462463 17.588055426 59.871650636 
84 13.0756859779 -115.53237915 -113.099853516 -75.539855957 -71.4361205887 2 -77.3590974157 6.0803236749 -1.22240462463 17.588055426 59.871650636 
85 13.2344360352 -114.530471802 -112.097946167 -74.5379486084 -72.9224361282 3 -77.3590947933 6.08032346878 -1.00759458598 17.588055426 59.871650636 
86 13.3809819221 -114.061264038 -111.628738403 -74.0687408447 -72.2473267951 1 -77.3590947933 6.08032346878 -1.00759458598 17.588055426 59.871650636 
87 13.5483629704 -116.140075684 -113.707550049 -76.1475524902 -72.3669272194 2 -77.3590946881 6.08032346051 -0.998978449336 17.588055426 59.871650636 
88 13.7005019188 -114.035491943 -111.602966309 -74.04296875 -72.1714368438 3 -76.3845056093 6.09646577157 -0.998990256352 17.588052696 59.871642145 
89 13.85542202 -112.744926453 -110.312400818 -72.7524032593 -71.5231989299 1 -76.3845029227 6.09646555715 -0.776115192287 17.588052696 59.871642145 
90 14.0107588768 -115.271858215 -112.839332581 -75.279335022 -71.3998666029 2 -76.3844993918 6.09646527533 -0.483187212688 17.588052696 59.871642145 
91 14.2029879093 -114.469955444 -112.03742981 -74.477432251 -71.5196889441 3 -76.3844993918 6.09646527533 -0.483188277114 17.588052696 59.871642145 
92 14.3524060249 -113.833839417 -111.401313782 -73.8413162231 -72.0690796319 1 -76.3844995819 6.09646529051 -0.49896168294 17.588052696 59.871642145 
93 14.5131120682 -113.363838196 -110.931312561 -73.3713150024 -71.4646180415 2 -76.3844995819 6.09646529051 -0.49896168294 17.588052696 59.871642145 
94 14.703111887 -112.905334473 -110.472808838 -72.9128112793 -70.956608481 3 -75.4329816163 6.01522089071 -0.921628441948 17.588051012 59.871633634 
95 14.8790159225 -113.694320679 -111.261795044 -73.7017974854 -70.9187704728 1 -75.4329855816 6.01522120691 -1.25473356482 17.588051012 59.871633634 
96 15.0353369713 -116.527618408 -114.095092773 -76.5350952148 -71.5374649462 2 -75.4329855816 6.01522120691 -1.25473356482 17.588051012 59.871633634 
97 15.1945500374 -116.035331726 -113.602806091 -76.0428085327 -72.6656709509 3 -75.4329804477 6.01522079752 -0.82345835816 17.588051012 59.871633634 
98 15.3562278748 -115.433998108 -113.001472473 -75.4414749146 -73.5746670071 1 -75.4329804477 6.01522079752 -0.82345835816 17.588051012 59.871633634 
99 15.5077819824 -115.693565369 -113.261039734 -75.7010421753 -73.3289815096 2 -75.4329829555 6.0152209975 -1.03412630674 17.588051012 59.871633634 
100 15.6654160023 -114.083023071 -111.650497437 -74.0904998779 -72.5711701878 3 -74.489910976 5.7987819773 -1.03413766446 17.588050718 59.871624889 
101 15.8296220303 -113.634254456 -111.201728821 -73.6417312622 -71.9289545383 1 -74.4899034662 5.79878139269 -0.395280837069 17.588050718 59.871624889 
102 15.9762148857 -116.791320801 -114.358795166 -76.7987976074 -72.0861920661 2 -74.4899034662 5.79878139269 -0.395280837069 17.588050718 59.871624889 
103 16.1596899033 -114.395637512 -111.963111877 -74.4031143188 -72.205068121 3 -74.4899104027 5.79878193267 -0.98536014529 17.588050718 59.871624889 
104 16.3097748756 -113.265472412 -110.832946777 -73.2729492188 -72.0069715785 1 -74.4899104027 5.79878193267 -0.98536014529 17.588050718 59.871624889 
105 16.4666268826 -115.507926941 -113.075401306 -75.5154037476 -71.822447213 2 -74.4899140255 5.7987822147 -1.29355535554 17.588050718 59.871624889 
106 16.6226420403 -114.961120605 -112.528594971 -74.9685974121 -71.9796986488 3 -73.492169288 5.6435297873 -1.09427497955 17.588049661 59.871615805 
107 16.7822780609 -112.920173645 -110.48764801 -72.9276504517 -71.7826044794 1 -73.492169288 5.6435297873 -1.09427497955 17.588049661 59.871615805 
108 16.9201040268 -114.91381073 -112.481285095 -74.9212875366 -71.6634509056 2 -73.4921692385 5.6435297835 -1.09000750649 17.588049661 59.871615805 
109 17.0835840702 -112.845420837 -110.412895203 -72.852897644 -70.9957801669 3 -73.4921692385 5.6435297835 -1.09000750649 17.588049661 59.871615805 
110 17.2463068962 -113.059585571 -110.627059937 -73.0670623779 -71.0519710994 1 -73.4921748811 5.6435302168 -1.57653366653 17.588049661 59.871615805 
111 17.4330480099 -114.142860413 -111.710334778 -74.1503372192 -70.9015168661 2 -73.4921748811 5.6435302168 -1.57653366653 17.588049661 59.871615805 
112 17.5872030258 -112.931358337 -110.498832703 -72.938835144 -70.9360944242 3 -72.4948401165 5.66976489367 -1.20539715684 17.588046769 59.871607138 
113 17.7395100594 -111.679046631 -109.246520996 -71.6865234375 -70.3119436136 1 -72.4948401165 5.66976489367 -1.20539715684 17.588046769 59.871607138 
114 17.9009149075 -116.203781128 -113.771255493 -76.2112579346 -70.5519655663 2 -72.4948315183 5.66976422121 -0.453826516646 17.588046769 59.871607138 
115 18.0578229427 -114.15435791 -111.721832275 -74.1618347168 -70.88822084 3 -72.4948315183 5.66976422121 -0.453826516646 17.588046769 59.871607138 
116 18.2166750431 -114.513900757 -112.081375122 -74.5213775635 -72.4139374903 1 -72.4948368913 5.66976464143 -0.923480627206 17.588046769 59.871607138 
117 18.3676860332 -113.370117188 -110.937591553 -73.3775939941 -71.5808815733 2 -72.4948405952 5.66976493111 -1.24724461699 17.588046769 59.871607138 
118 18.5215950012 -113.235107422 -110.802581787 -73.2425842285 -71.257533432 3 -72.4948405952 5.66976493111 -1.24724461699 17.588046769 59.871607138 
119 18.7086009979 -111.690704346 -109.258178711 -71.6981811523 -70.2452424305 1 -71.5605405504 5.73000273977 -1.00868529095 17.588043699 59.8715991 
120 18.8643670082 -115.02923584 -112.596710205 -75.0367126465 -70.5383226886 2 -71.5605405504 5.73000273977 -1.00868529095 17.588043699 59.8715991 
121 19.01653409 -112.454299927 -110.021774292 -72.4617767334 -70.2834224651 3 -71.560537362 5.73000248447 -0.726348387292 17.588043699 59.8715991 
122 19.2034270763 -113.657577515 -111.22505188 -73.6650543213 -71.0909029866 1 -71.560537362 5.73000248447 -0.726348387292 17.588043699 59.8715991 
123 19.3897879124 -112.455123901 -110.022598267 -72.462600708 -70.4085715039 2 -71.5605377976 5.73000251935 -0.764919734732 17.588043699 59.8715991 
124 19.5379889011 -112.31893158 -109.886405945 -72.3264083862 -70.3549779133 3 -71.5605413766 5.73000280592 -1.08184079791 17.588043699 59.8715991 
125 19.6946589947 -112.476799011 -110.044273376 -72.4842758179 -70.0376900835 1 -70.5244495444 5.58246058538 -1.08185254604 17.588042463 59.871589698 
126 19.8490638733 -114.652114868 -112.219589233 -74.6595916748 -70.5449807757 2 -70.5244485034 5.58246050298 -0.988315539673 17.588042463 59.871589698 
127 20.0377459526 -112.486045837 -110.053520203 -72.493522644 -70.616975944 3 -70.5244485034 5.58246050298 -0.988315539673 17.588042463 59.871589698 
128 20.1891930103 -111.266090393 -108.833564758 -71.2735671997 -70.0209126979 1 -70.524447019 5.58246038548 -0.854930712835 17.588042463 59.871589698 
129 20.3430740833 -113.939353943 -111.506828308 -73.9468307495 -69.9234914878 2 -70.524447019 5.58246038548 -0.854930712835 17.588042463 59.871589698 
130 20.4999349117 -112.983139038 -110.550613403 -72.9906158447 -70.0639808162 3 -70.5244444422 5.58246018151 -0.623401871093 17.588042463 59.871589698 
131 20.6835989952 -110.837287903 -108.404762268 -70.8447647095 -69.8080729726 1 -69.5908365863 5.45171197686 -0.623412305751 17.588041327 59.871581231 
132 20.8357319832 -113.262641907 -110.830116272 -73.2701187134 -69.6931165654 2 -69.5908383019 5.45171211126 -0.779637847234 17.588041327 59.871581231 
133 20.9909069538 -110.588104248 -108.155578613 -70.5955810547 -68.8999235916 3 -69.5908383019 5.45171211126 -0.779637847234 17.588041327 59.871581231 
134 21.1479110718 -112.737487793 -110.304962158 -72.7449645996 -69.4905381158 1 -69.5908421651 5.4517124139 -1.13141321973 17.588041327 59.871581231 
135 21.3424389362 -115.092880249 -112.660354614 -75.1003570557 -69.7190997693 2 -69.5908387803 5.45171214874 -0.823195211756 17.588041327 59.871581231 
136 21.4810118675 -112.343902588 -109.911376953 -72.3513793945 -70.7236004095 3 -69.5908387803 5.45171214874 -0.823195211756 17.588041327 59.871581231 
137 21.637098074 -113.311531067 -110.879005432 -73.3190078735 -70.9321550672 1 -69.5908440727 5.45171256334 -1.30511225771 17.588041327 59.871581231 
138 21.7890460491 -115.269134521 -112.836608887 -75.2766113281 -70.9571290637 2 -68.5994547074 5.29356714818 -1.30512320219 17.588040316 59.871572196 
139 21.9818959236 -111.109718323 -108.677192688 -71.1171951294 -70.2222443544 3 -68.5994546633 5.29356714478 -1.30105144764 17.588040316 59.871572196 
140 22.1340909004 -112.332649231 -109.900123596 -72.3401260376 -69.9437660245 1 -68.5994546633 5.29356714478 -1.30105144764 17.588040316 59.871572196 
141 22.2910120487 -116.335189819 -113.902664185 -76.342666626 -70.0172659771 2 -68.5994551359 5.29356718125 -1.34470814392 17.588040316 59.871572196 
142 22.443392992 -112.813064575 -110.38053894 -72.8205413818 -70.8790354312 3 -68.5994499662 5.29356678232 -0.867155887019 17.588040316 59.871572196 
143 22.6334719658 -110.908287048 -108.475761414 -70.915763855 -70.0380519053 1 -67.6316058963 5.08580223925 -0.867166460206 17.588039869 59.871563254 
144 22.7828738689 -113.712730408 -111.280204773 -73.7202072144 -69.77528585 2 -67.6316086074 5.08580244312 -1.12118825674 17.588039869 59.871563254 
145 22.9358789921 -112.059486389 -109.626960754 -72.0669631958 -69.5642585921 3 -67.6316086074 5.08580244312 -1.12118825674 17.588039869 59.871563254 
146 23.0867888927 -112.815551758 -110.383026123 -72.8230285645 -70.381656563 1 -67.6316049441 5.08580216765 -0.777953583364 17.588039869 59.871563254 
147 23.2726778984 -115.438461304 -113.005935669 -75.4459381104 -70.6539279763 2 -67.6316049441 5.08580216765 -0.777953583364 17.588039869 59.871563254 
148 23.4305360317 -114.472068787 -112.039543152 -74.4795455933 -71.589109066 3 -67.631607831 5.08580238474 -1.04844869366 17.588039869 59.871563254 
149 23.5850350857 -110.653053284 -108.220527649 -70.6605300903 -70.1199857768 1 -67.6316125067 5.08580273634 -1.4865337472 17.588039869 59.871563254 
150 23.7374510765 -112.195457458 -109.762931824 -72.2029342651 -69.5550766834 2 -66.6678792151 4.90658711901 -1.48654410116 17.588039144 59.871554413 
151 23.9055669308 -114.01524353 -111.582717896 -74.0227203369 -69.5030618084 3 -66.6678765014 4.90658691929 -1.22860691588 17.588039144 59.871554413 
152 24.0546720028 -112.772613525 -110.340087891 -72.780090332 -70.4916536882 1 -66.6678765014 4.90658691929 -1.22860691588 17.588039144 59.871554413 
153 24.2171800137 -114.907562256 -112.475036621 -74.9150390625 -71.3429040434 2 -66.6678713975 4.90658654366 -0.74348057154 17.588039144 59.871554413 
154 24.3607039452 -112.72240448 -110.289878845 -72.7298812866 -70.8812873536 3 -66.6678713975 4.90658654366 -0.74348057154 17.588039144 59.871554413 
155 24.5622169971 -113.5521698 -111.119644165 -73.5596466064 -71.1732520202 1 -66.6678780277 4.90658703162 -1.37368288078 17.588039144 59.871554413 
156 24.7085700035 -115.088981628 -112.656455994 -75.0964584351 -71.2045442188 2 -65.6503245364 4.6781722879 -1.3736936773 17.588038775 59.871544989 
157 24.866973877 -110.589172363 -108.156646729 -70.5966491699 -69.8950373676 3 -65.6503260358 4.67817239475 -1.51842520971 17.588038775 59.871544989 
158 25.0154900551 -108.752037048 -106.319511414 -68.759513855 -67.9036012429 1 -65.6503260358 4.67817239475 -1.51842520971 17.588038775 59.871544989 
159 25.2023129463 -115.682350159 -113.249824524 -75.6898269653 -67.9225973577 2 -65.6503248224 4.67817230828 -1.40130288568 17.588038775 59.871544989 
160 25.3576390743 -114.051521301 -111.618995667 -74.0589981079 -68.4975331591 3 -65.6503206796 4.67817201307 -1.00142042248 17.588038775 59.871544989 
161 25.5061779022 -111.226165771 -108.793640137 -71.2336425781 -70.5019415255 1 -65.6503206796 4.67817201307 -1.00142042248 17.588038775 59.871544989 
162 25.6642858982 -115.302818298 -112.870292664 -75.310295105 -70.4642363459 2 -64.5978559102 4.41220240599 -0.763487133692 17.588038694 59.871535174 
163 25.84979105 -113.032928467 -110.600402832 -73.0404052734 -70.2291839415 3 -64.5978559102 4.41220240599 -0.763487133692 17.588038694 59.871535174 
164 25.9994149208 -112.678627014 -110.246101379 -72.6861038208 -71.0258281501 1 -64.5978565832 4.41220245196 -0.829505489934 17.588038694 59.871535174 
165 26.1601278782 -115.732391357 -113.299865723 -75.7398681641 -71.0807025987 2 -64.5978565832 4.41220245196 -0.829505489934 17.588038694 59.871535174 
166 26.3163049221 -112.606910706 -110.174385071 -72.6143875122 -70.8977407341 3 -64.5978568167 4.41220246791 -0.852403754 17.588038694 59.871535174 
167 26.4935770035 -111.09072876 -108.658203125 -71.0982055664 -70.0567944686 1 -64.5978568167 4.41220246791 -0.852403754 17.588038694 59.871535174 
168 26.6570620537 -112.490104675 -110.057579041 -72.4975814819 -69.5688439243 2 -63.5336895947 4.26802667469 -0.907068420275 17.58803735 59.871525534 
169 26.8001749516 -110.040458679 -107.607933044 -70.0479354858 -68.6087424573 3 -63.5336895947 4.26802667469 -0.907068420275 17.58803735 59.871525534 
170 26.9568738937 -113.288482666 -110.855957031 -73.2959594727 -69.0994702259 1 -63.5336917569 4.26802681994 -1.12272953354 17.58803735 59.871525534 
171 27.143445015 -111.311813354 -108.87928772 -71.3192901611 -68.7947205218 2 -63.533691487 4.2680268018 -1.0958016887 17.58803735 59.871525534 
172 27.2961390018 -111.741905212 -109.309379578 -71.749382019 -69.5848620678 3 -63.533691487 4.2680268018 -1.0958016887 17.58803735 59.871525534 
173 27.44779706 -110.168357849 -107.735832214 -70.1758346558 -68.590621307 1 -63.5336904358 4.26802673119 -0.990961398542 17.58803735 59.871525534 
174 27.6014380455 -112.74495697 -110.312431335 -72.7524337769 -68.9118563086 2 -62.5054277403 4.2225531815 -0.990971654887 17.588035102 59.871516433 
175 27.7848730087 -111.951545715 -109.519020081 -71.959022522 -68.9666387491 3 -62.5054289056 4.22255326023 -1.10911707601 17.588035102 59.871516433 
176 27.9385390282 -109.704948425 -107.272422791 -69.7124252319 -68.6891495654 1 -62.5054289056 4.22255326023 -1.10911707601 17.588035102 59.871516433 
177 28.0948839188 -115.417762756 -112.985237122 -75.425239563 -68.9397162891 2 -62.5054247651 4.22255298051 -0.689345668679 17.588035102 59.871516433 
178 28.2383608818 -111.431488037 -108.998962402 -71.4389648438 -68.7981373506 3 -62.5054244637 4.22255296015 -0.658795044549 17.588035102 59.871516433 
179 28.4230570793 -111.691864014 -109.259338379 -71.6993408203 -69.8839096223 1 -62.5054244637 4.22255296015 -0.658795044549 17.588035102 59.871516433 
180 28.5778548717 -115.152900696 -112.720375061 -75.1603775024 -69.8620660849 2 -61.5136208202 4.10947109774 -0.900269235561 17.588033634 59.871507497 
181 28.7278439999 -110.12890625 -107.696380615 -70.1363830566 -69.1351875783 3 -61.5136208202 4.10947109774 -0.900269235561 17.588033634 59.871507497 
182 28.8860108852 -109.110183716 -106.677658081 -69.1176605225 -67.9815609851 1 -61.5136194091 4.10947100347 -0.754909079305 17.588033634 59.871507497 
183 29.064884901 -114.772377014 -112.339851379 -74.7798538208 -67.9663658036 2 -61.5136194091 4.10947100347 -0.754909079305 17.588033634 59.871507497 
184 29.197081089 -113.812477112 -111.379951477 -73.8199539185 -68.7428288653 3 -61.5136183442 4.10947093234 -0.645213044369 17.588033634 59.871507497 
185 29.3617389202 -108.964836121 -106.532310486 -68.9723129272 -68.6198855243 1 -61.5136183442 4.10947093234 -0.645213044369 17.588033634 59.871507497 
186 29.5144510269 -112.746170044 -110.313644409 -72.7536468506 -68.4319435302 2 -61.5136156541 4.10947075262 -0.368090372482 17.588033634 59.871507497 
187 29.7027449608 -112.612434387 -110.179908752 -72.6199111938 -68.3019135138 3 -60.5692713428 4.09898898595 -0.368099476215 17.588031253 59.87149921 
188 29.8622629642 -110.182533264 -107.750007629 -70.1900100708 -69.1241516733 1 -60.5692750887 4.09898923945 -0.75999986859 17.588031253 59.87149921 
189 30.0052390099 -113.680183411 -111.247657776 -73.6876602173 -69.2717465735 2 -60.5692786867 4.09898948295 -1.13643176415 17.588031253 59.87149921 
190 30.1585018635 -111.022445679 -108.589920044 -71.0299224854 -68.8204070337 3 -60.5692786867 4.09898948295 -1.13643176415 17.588031253 59.87149921 
191 30.3477540016 -110.766059875 -108.333534241 -70.7735366821 -69.1113894145 1 -60.5692756572 4.09898927792 -0.819475406042 17.588031253 59.87149921 
192 30.503207922 -114.094245911 -111.661720276 -74.1017227173 -69.1577006253 2 -60.5692756572 4.09898927792 -0.819475406042 17.588031253 59.87149921 
193 30.6570830345 -111.337600708 -108.905075073 -71.3450775146 -69.285237791 3 -59.4852392932 4.02762933616 -0.928460892241 17.58802912 59.871489562 
194 30.804391861 -108.641548157 -106.209022522 -68.6490249634 -67.9652477239 1 -59.4852392932 4.02762933616 -0.928460892241 17.58802912 59.871489562 
195 30.9963080883 -113.829238892 -111.396713257 -73.8367156982 -67.9486109994 2 -59.4852390401 4.02762931903 -0.901504104243 17.58802912 59.871489562 
196 31.1448099613 -112.98286438 -110.550338745 -72.9903411865 -68.2045254522 3 -59.4852390401 4.02762931903 -0.901504104243 17.58802912 59.871489562 
197 31.3073060513 -108.69379425 -106.261268616 -68.7012710571 -68.2470050923 1 -59.4852428881 4.02762957956 -1.31141406004 17.58802912 59.871489562 
198 31.4578509331 -114.882804871 -112.450279236 -74.8902816772 -68.3115788191 2 -59.4852396241 4.02762935857 -0.963716466543 17.58802912 59.871489562 
199 31.6470448971 -114.031738281 -111.599212646 -74.0392150879 -68.4102352636 3 -58.4975630252 3.99351174207 -0.963725683198 17.588026864 59.871480842 
200 31.8074569702 -107.611404419 -105.178878784 -67.6188812256 -67.4374838432 1 -58.4975604183 3.9935115641 -0.681333113648 17.588026864 59.871480842 
201 31.9518129826 -113.536422729 -111.103897095 -73.5438995361 -67.3780242442 2 -58.4975604183 3.9935115641 -0.681333113648 17.588026864 59.871480842 
202 32.1044099331 -111.25504303 -108.822517395 -71.2625198364 -67.1307424746 3 -58.4975623961 3.99351169912 -0.895582546424 17.588026864 59.871480842 
203 32.2939319611 -111.228141785 -108.79561615 -71.2356185913 -69.3959471487 1 -58.4975623961 3.99351169912 -0.895582546424 17.588026864 59.871480842 
204 32.4276399612 -115.370414734 -112.937889099 -75.3778915405 -69.5874842119 2 -58.4975620422 3.99351167496 -0.857239433771 17.588026864 59.871480842 
205 32.5857338905 -108.561904907 -106.129379272 -68.5693817139 -67.9396940521 3 -58.4975620422 3.99351167496 -0.857239433771 17.588026864 59.871480842 
206 32.7456789017 -109.104179382 -106.671653748 -69.111656189 -67.2660505009 1 -57.3682766901 3.93528186606 -0.651243546953 17.588024479 59.871470828 
207 32.9330120087 -114.307312012 -111.874786377 -74.3147888184 -67.2335721451 2 -57.3682798736 3.93528208443 -1.00288144105 17.588024479 59.871470828 
208 33.0822639465 -109.616981506 -107.184455872 -69.624458313 -67.7400255638 3 -57.3682798736 3.93528208443 -1.00288144105 17.588024479 59.871470828 
209 33.2428109646 -107.959716797 -105.527191162 -67.9671936035 -67.0580676341 1 -57.3682797475 3.93528207578 -0.98895188856 17.588024479 59.871470828 
210 33.3912959099 -112.126113892 -109.693588257 -72.1335906982 -66.9290606904 2 -57.3682797475 3.93528207578 -0.98895188856 17.588024479 59.871470828 
211 33.5844650269 -109.260925293 -106.828399658 -69.2684020996 -66.8200217661 3 -56.3205104691 3.73339843225 -1.50621802123 17.588023762 59.8714612 
212 33.7301728725 -109.958572388 -107.526046753 -69.9660491943 -67.7714117829 1 -56.3205104691 3.73339843225 -1.50621802123 17.588023762 59.8714612 
213 33.8867390156 -114.421028137 -111.988502502 -74.4285049438 -67.9702970351 2 -56.3205048995 3.73339806304 -0.87955964523 17.588023762 59.8714612 
214 34.0346059799 -108.7396698 -106.307144165 -68.7471466064 -67.6682707409 3 -56.3205048995 3.73339806304 -0.87955964523 17.588023762 59.8714612 
215 34.1937670708 -109.295600891 -106.863075256 -69.3030776978 -67.4145793818 1 -56.3205124911 3.73339856628 -1.73371536692 17.588023762 59.8714612 
216 34.3762528896 -114.414596558 -111.982070923 -74.4220733643 -67.4143246105 2 -56.320504805 3.73339805678 -0.868927200193 17.588023762 59.8714612 
217 34.5260670185 -109.350830078 -106.918304443 -69.3583068848 -67.7236936435 3 -56.3205048053 3.7333980568 -0.868965453699 17.588023762 59.8714612 
218 34.6834468842 -106.445915222 -104.013389587 -66.4533920288 -65.9039544752 1 -55.3070762407 3.72183372665 -1.37870196479 17.58802121 59.871452306 
219 34.8395869732 -114.287910461 -111.855384827 -74.2953872681 -65.9013747267 2 -55.3070762407 3.72183372665 -1.37870196479 17.58802121 59.871452306 
220 35.0205619335 -108.486274719 -106.053749084 -68.4937515259 -65.6953310363 3 -55.3070701561 3.72183331719 -0.681552211579 17.58802121 59.871452306 
221 35.1737539768 -109.242050171 -106.809524536 -69.2495269775 -67.2475195211 1 -55.3070701561 3.72183331719 -0.681552211579 17.58802121 59.871452306 
222 35.3388979435 -113.237060547 -110.804534912 -73.2445373535 -67.1955114721 2 -55.3070714592 3.72183340489 -0.830865408516 17.58802121 59.871452306 
223 35.4832379818 -111.137893677 -108.705368042 -71.1453704834 -68.2610267881 3 -55.3070714592 3.72183340489 -0.830865408516 17.58802121 59.871452306 
224 35.6649820805 -111.059356689 -108.626831055 -71.0668334961 -69.2288390729 1 -54.3424037518 3.44303568636 -0.733783549911 17.58802149 59.87144323 
225 35.8119928837 -114.076118469 -111.643592834 -74.0835952759 -69.3412045778 2 -54.3424037518 3.44303568636 -0.733783549911 17.58802149 59.87144323 
226 35.9693510532 -109.888092041 -107.455566406 -69.8955688477 -68.7072864915 3 -54.3424000882 3.44303545425 -0.306582006084 17.58802149 59.87144323 
227 36.1218540668 -108.243560791 -105.811035156 -68.2510375977 -67.3175719917 1 -54.3424000882 3.44303545425 -0.306582006084 17.58802149 59.87144323 
228 36.2857630253 -114.196090698 -111.763565063 -74.2035675049 -67.3227534514 2 -54.3424049338 3.44303576125 -0.871620503047 17.58802149 59.87144323 
229 36.4378259182 -106.901130676 -104.468605042 -66.9086074829 -65.9240509598 3 -54.3424041358 3.44303571069 -0.77856221055 17.58802149 59.87144323 
230 36.594604969 -108.200698853 -105.768173218 -68.2081756592 -65.9092772516 1 -53.2727742957 3.03975001283 -0.778571500741 17.588022753 59.871432952 
231 36.7400090694 -115.177528381 -112.745002747 -75.185005188 -65.926666825 2 -53.2727733441 3.03974995854 -0.665378224668 17.588022753 59.871432952 
232 36.9287009239 -109.537948608 -107.105422974 -69.545425415 -67.2142963781 3 -53.2727733441 3.03974995854 -0.665378224668 17.588022753 59.871432952 
233 37.086163044 -108.612548828 -106.180023193 -68.6200256348 -67.4656725338 1 -53.2727739747 3.03974999452 -0.740395506624 17.588022753 59.871432952 
234 37.2353570461 -114.390945435 -111.9584198 -74.3984222412 -67.4387440152 2 -53.2727739747 3.03974999452 -0.740395506624 17.588022753 59.871432952 
235 37.3935608864 -108.406616211 -105.974090576 -68.4140930176 -66.9383747365 3 -53.2727705166 3.0397497972 -0.329050642217 17.588022753 59.871432952 
236 37.5811769962 -108.596580505 -106.164054871 -68.604057312 -66.9309992754 1 -53.2727720021 3.03974988197 -0.505756227472 17.588022753 59.871432952 
237 37.7349529266 -114.860908508 -112.428382874 -74.8683853149 -66.9446071464 2 -52.3123606852 2.70641057607 -0.505764378594 17.588023596 59.871423789 
238 37.8906159401 -107.673057556 -105.240531921 -67.6805343628 -66.5409897261 3 -52.3123600025 2.70641054075 -0.423071717835 17.588023596 59.871423789 
239 38.046931982 -107.444099426 -105.011573792 -67.4515762329 -66.0206562081 1 -52.3123600025 2.70641054075 -0.423071717835 17.588023596 59.871423789 
240 38.2049260139 -114.401847839 -111.969322205 -74.409324646 -66.0119831717 2 -52.3123623815 2.70641066383 -0.711246779344 17.588023596 59.871423789 
241 38.3580710888 -107.452934265 -105.02040863 -67.4604110718 -65.9071194067 3 -52.3123623815 2.70641066383 -0.711246779344 17.588023596 59.871423789 
242 38.5094320774 -108.917015076 -106.484489441 -68.9244918823 -66.5083254278 1 -52.3123610157 2.70641059317 -0.545799020404 17.588023596 59.871423789 
243 38.6679360867 -115.20098877 -112.768463135 -75.2084655762 -66.5259744726 2 -51.3954422245 2.66125670772 -0.545806542017 17.588021638 59.871415663 
244 38.8223750591 -107.645729065 -105.21320343 -67.6532058716 -66.6493854529 3 -51.39544108 2.66125664846 -0.404692441579 17.588021638 59.871415663 
245 38.9797940254 -110.523231506 -108.090705872 -70.530708313 -67.0891854177 1 -51.39544108 2.66125664846 -0.404692441579 17.588021638 59.871415663 
246 39.1354038715 -113.585601807 -111.153076172 -73.5930786133 -67.0329139313 2 -51.3954422517 2.66125670913 -0.549156045526 17.588021638 59.871415663 
247 39.2873129845 -106.100471497 -103.667945862 -66.1079483032 -65.7813734796 3 -51.3954443382 2.66125681717 -0.806410956455 17.588021638 59.871415663 
248 39.4726400375 -108.684257507 -106.251731873 -68.691734314 -65.4787557276 1 -51.3954443382 2.66125681717 -0.806410956455 17.588021638 59.871415663 
249 39.6270129681 -114.064559937 -111.632034302 -74.0720367432 -65.4890227251 2 -50.8160241531 2.5936495768 -0.919621899608 17.588020796 59.871410439 
250 39.7815959454 -108.254859924 -105.82233429 -68.262336731 -66.8806552247 3 -50.8160241531 2.5936495768 -0.919621899608 17.588020796 59.871410439 
251 39.937128067 -109.230773926 -106.798248291 -69.2382507324 -67.1013349712 1 -50.8160245693 2.59364959805 -0.971530562691 17.588020796 59.871410439 
252 40.119852066 -115.607025146 -113.174499512 -75.6145019531 -67.146355983 2 -50.8160245693 2.59364959805 -0.971530562691 17.588020796 59.871410439 
253 40.285187006 -107.170310974 -104.737785339 -67.1777877808 -66.4352098094 3 -50.8160205192 2.59364939133 -0.466470438183 17.588020796 59.871410439 
254 40.4294769764 -108.580604553 -106.148078918 -68.5880813599 -66.2361435711 1 -50.8160205192 2.59364939133 -0.466470438183 17.588020796 59.871410439 
255 40.5897519588 -112.804985046 -110.372459412 -72.812461853 -66.1612881548 2 -50.6426489811 2.44878337937 -0.459625421406 17.588021805 59.871408592 
256 40.7711379528 -107.784378052 -105.351852417 -67.7918548584 -66.5250560742 3 -50.6426489811 2.44878337937 -0.459625421406 17.588021805 59.871408592 
257 40.927670002 -110.974464417 -108.541938782 -70.9819412231 -67.1739186662 1 -50.6426440484 2.44878314085 0.157596774409 17.588021805 59.871408592 
258 41.0763270855 -112.571784973 -110.139259338 -72.5792617798 -67.1556494243 2 -50.6426477737 2.44878332099 -0.308547030031 17.588021805 59.871408592 
259 41.2275729179 -106.645378113 -104.212852478 -66.6528549194 -66.2542857091 3 -50.6426477737 2.44878332099 -0.308547030031 17.588021805 59.871408592 
260 41.4129369259 -109.531822205 -107.09929657 -69.5392990112 -66.033687015 1 -50.6426489405 2.44878337741 -0.454547790854 17.588021805 59.871408592 
261 41.5653300285 -114.433403015 -112.00087738 -74.4408798218 -66.0959230411 2 -50.6426489405 2.44878337741 -0.454547790854 17.588021805 59.871408592 
262 41.7158288956 -105.972763062 -103.540237427 -65.9802398682 -65.5582696474 3 -50.6140594889 2.44667758869 -1.05254307045 17.588021751 59.871408337 
263 41.8767330647 -109.133041382 -106.700515747 -69.1405181885 -65.4893869556 1 -50.6140604382 2.44667763458 -1.17139725063 17.588021751 59.871408337 
264 42.0606799126 -115.729530334 -113.2970047 -75.7370071411 -65.5052633188 2 -50.6140604382 2.44667763458 -1.17139725063 17.588021751 59.871408337 
265 42.214673996 -106.041610718 -103.609085083 -66.0490875244 -65.5604114007 3 -50.6140604382 2.44667763458 -1.17139725063 17.588021751 59.871408337 
266 42.3657488823 -109.173828125 -106.74130249 -69.1813049316 -65.5681954136 1 -50.6140536635 2.44667730709 -0.323213329505 17.588021751 59.871408337 
267 42.5238900185 -115.360336304 -112.927810669 -75.3678131104 -65.5644752451 2 -50.6140562205 2.44667743069 -0.643348186642 17.588021751 59.871408337 
268 42.7053990364 -107.5260849 -105.093559265 -67.5335617065 -66.6598724602 3 -50.6224609585 2.38234299266 -0.643348144436 17.588022424 59.871408264 
269 42.8626658916 -109.944648743 -107.512123108 -69.9521255493 -66.8731864591 1 -50.6224622298 2.38234305249 -0.802494383754 17.588022424 59.871408264 
270 43.0179789066 -115.433540344 -113.001014709 -75.4410171509 -66.8746267622 2 -50.6224622298 2.38234305249 -0.802494383754 17.588022424 59.871408264 
271 43.1721189022 -106.632148743 -104.199623108 -66.6396255493 -66.1814889661 3 -50.6224635046 2.38234311248 -0.962061102249 17.588022424 59.871408264 
272 43.3608880043 -112.470443726 -110.037918091 -72.4779205322 -66.4617953239 1 -50.6224635046 2.38234311248 -0.962061102249 17.588022424 59.871408264 
273 43.5079360008 -115.106567383 -112.674041748 -75.1140441895 -66.456156209 2 -50.6224613031 2.38234300888 -0.686493082141 17.588022424 59.871408264 
274 43.663946867 -106.903236389 -104.470710754 -66.9107131958 -66.7039756441 3 -50.632368866 2.30169527747 -0.561293573468 17.588023266 59.871408167 
275 43.8582749367 -110.893836975 -108.46131134 -70.9013137817 -66.5475332179 1 -50.6323688657 2.30169527746 -0.561257104087 17.588023266 59.871408167 
276 44.0102620125 -115.381744385 -112.94921875 -75.3892211914 -66.5525402849 2 -50.6323652615 2.30169511361 -0.110174517071 17.588023266 59.871408167 
277 44.143228054 -107.651855469 -105.219329834 -67.6593322754 -67.1693232382 3 -50.6323652615 2.30169511361 -0.110174517071 17.588023266 59.871408167 
278 44.3018629551 -107.819580078 -105.387054443 -67.8270568848 -66.2045831293 1 -50.6323702296 2.30169533946 -0.731947420771 17.588023266 59.871408167 
279 44.4508829117 -113.514312744 -111.081787109 -73.5217895508 -66.1619165227 2 -50.6323702296 2.30169533946 -0.731947420771 17.588023266 59.871408167 
280 44.6487059593 -107.549453735 -105.116928101 -67.556930542 -66.1099294347 3 -50.633376805 2.19115242172 -0.880652999699 17.588024387 59.871407924 
281 44.7892940044 -109.505874634 -107.073348999 -69.5133514404 -66.7198969426 1 -50.633376805 2.19115242172 -0.880652999699 17.588024387 59.871407924 
282 44.9464840889 -116.38117218 -113.948646545 -76.3886489868 -66.7904429929 2 -50.6333757755 2.19115237717 -0.751808012023 17.588024387 59.871407924 
283 45.0937020779 -108.228866577 -105.796340942 -68.2363433838 -67.2446970167 3 -50.6333757755 2.19115237717 -0.751808012023 17.588024387 59.871407924 
284 45.2838509083 -110.102684021 -107.670158386 -70.1101608276 -67.4364878237 1 -50.6333725165 2.19115223614 -0.343938102751 17.588024387 59.871407924 
285 45.4350309372 -113.356529236 -110.924003601 -73.3640060425 -67.3325371276 2 -50.6333725165 2.19115223614 -0.343938102751 17.588024387 59.871407924 
286 45.5830190182 -109.155632019 -106.723106384 -69.1631088257 -67.8976119427 3 -50.6333744218 2.19115231859 -0.582387961585 17.588024387 59.871407924 
287 45.7419919968 -108.515220642 -106.082695007 -68.5226974487 -67.1842902071 1 -50.6499192901 2.06261276539 -0.289475847585 17.588025731 59.871407776 
288 45.9051680565 -114.098129272 -111.665603638 -74.1056060791 -67.2210903865 2 -50.6499192901 2.06261276539 -0.289475847585 17.588025731 59.871407776 
289 46.0583119392 -107.054336548 -104.621810913 -67.0618133545 -66.1111174183 3 -50.6499195103 2.06261277436 -0.317028373573 17.588025731 59.871407776 
290 46.2105760574 -107.469177246 -105.036651611 -67.4766540527 -65.7082859377 1 -50.6499195103 2.06261277436 -0.317028373573 17.588025731 59.871407776 
291 46.3638720512 -115.080833435 -112.6483078 -75.0883102417 -65.724883595 2 -50.649922438 2.06261289359 -0.683310875601 17.588025731 59.871407776 
292 46.5288128853 -107.000083923 -104.567558289 -67.00756073 -65.6954040977 3 -50.649922438 2.06261289359 -0.683310875601 17.588025731 59.871407776 
293 46.6991920471 -109.138221741 -106.705696106 -69.1456985474 -66.2803785544 1 -50.6939573325 1.97028895964 -0.867079201719 17.588026781 59.871407951 
294 46.8545229435 -114.853355408 -112.420829773 -74.8608322144 -66.2762301167 2 -50.6939573325 1.97028895964 -0.867079201719 17.588026781 59.871407951 
295 47.0083758831 -108.518249512 -106.085723877 -68.5257263184 -67.2424919523 3 -50.6939537671 1.97028882107 -0.42139853574 17.588026781 59.871407951 
296 47.1985678673 -109.21988678 -106.787361145 -69.2273635864 -67.2761130366 1 -50.6939530213 1.97028879208 -0.32817994266 17.588026781 59.871407951 
297 47.3538448811 -113.967834473 -111.535308838 -73.9753112793 -67.2431134823 2 -50.6939530213 1.97028879208 -0.32817994266 17.588026781 59.871407951 
298 47.5215890408 -108.48009491 -106.047569275 -68.4875717163 -67.2218946346 3 -50.6939542105 1.9702888383 -0.476823802431 17.588026781 59.871407951 
299 47.700042963 -108.840911865 -106.40838623 -68.8483886719 -67.0633983223 1 -50.7041756517 1.90731692523 -0.476823739844 17.588027445 59.871407897 
300 47.8844060898 -115.70639801 -113.273872375 -75.7138748169 -67.1135745387 2 -50.704174678 1.9073168886 -0.355123586197 17.588027445 59.871407897 
301 48.0365259647 -106.717506409 -104.284980774 -66.7249832153 -66.0067188617 3 -50.704174678 1.9073168886 -0.355123586197 17.588027445 59.871407897 
302 48.1969358921 -109.986763 -107.554237366 -69.9942398071 -66.2616855421 1 -50.7041765586 1.90731695934 -0.590159900441 17.588027445 59.871407897 
303 48.3453190327 -116.358467102 -113.925941467 -76.3659439087 -66.26894669 2 -50.7041732469 1.90731683476 -0.176275872139 17.588027445 59.871407897 
304 48.5287709236 -105.740783691 -103.308258057 -65.748260498 -65.446585151 3 -50.7041732469 1.90731683476 -0.176275872139 17.588027445 59.871407897 
305 48.6905019283 -108.857872009 -106.425346375 -68.8653488159 -65.2714944177 1 -50.7041723339 1.90731680042 -0.0621703239637 17.588027445 59.871407897 
306 48.8389430046 -113.543403625 -111.110877991 -73.5508804321 -65.2369291176 2 -50.666781961 1.87534336464 -0.0621706329149 17.58802767 59.871407497 
307 48.994715929 -106.922035217 -104.489509583 -66.9295120239 -66.1115580329 3 -50.6667874988 1.87534356961 -0.754777213349 17.58802767 59.871407497 
308 49.1546890736 -108.870681763 -106.438156128 -68.8781585693 -66.1151543821 1 -50.6667874988 1.87534356961 -0.754777213349 17.58802767 59.871407497 
309 49.3033440113 -113.772087097 -111.339561462 -73.7795639038 -66.1222359571 2 -50.6667872424 1.87534356012 -0.722705433301 17.58802767 59.871407497 
310 49.4593138695 -106.65145874 -104.218933105 -66.6589355469 -65.9321181009 3 -50.6667872424 1.87534356012 -0.722705433301 17.58802767 59.871407497 
311 49.6167800426 -109.264213562 -106.831687927 -69.2716903687 -66.0268400182 1 -50.6791562401 1.85197429492 -0.710713655334 17.588027939 59.871407552 
312 49.776350975 -115.504577637 -113.072052002 -75.5120544434 -66.060702373 2 -50.6791562401 1.85197429492 -0.710713655334 17.588027939 59.871407552 
313 49.9279339314 -108.584091187 -106.151565552 -68.5915679932 -67.3487673984 3 -50.6791544316 1.85197422883 -0.484582857709 17.588027939 59.871407552 
314 50.0825550556 -109.318130493 -106.885604858 -69.3256072998 -67.370845717 1 -50.6791544316 1.85197422883 -0.484582857709 17.588027939 59.871407552 
315 50.2347800732 -115.337814331 -112.905288696 -75.3452911377 -67.3667697174 2 -50.6791558712 1.85197428144 -0.664587589871 17.588027939 59.871407552 
316 50.4282429218 -107.981651306 -105.549125671 -67.9891281128 -67.0038637844 3 -50.6791553334 1.85197426179 -0.597348749248 17.588027939 59.871407552 
317 50.5762779713 -110.021591187 -107.589065552 -70.0290679932 -67.2206022923 1 -50.6791553334 1.85197426179 -0.597348749248 17.588027939 59.871407552 
318 50.7254040241 -114.65663147 -112.224105835 -74.6641082764 -67.2017079114 2 -50.6899134761 1.84489038086 -0.586034245009 17.588028039 59.87140763 
319 50.8826138973 -106.725296021 -104.292770386 -66.7327728271 -66.2567942369 3 -50.6899134761 1.84489038086 -0.586034245009 17.588028039 59.87140763 
320 51.0638768673 -109.646125793 -107.213600159 -69.6536026001 -66.1858223974 1 -50.6899126967 1.84489035249 -0.488592577605 17.588028039 59.87140763 
321 51.2182168961 -116.946090698 -114.513565063 -76.9535675049 -66.2145255316 2 -50.6899126967 1.84489035249 -0.488592577605 17.588028039 59.87140763 
322 51.3728220463 -106.736427307 -104.303901672 -66.7439041138 -66.2232886619 3 -50.689912853 1.84489035818 -0.508134643537 17.588028039 59.87140763 
323 51.5273809433 -109.99017334 -107.557647705 -69.9976501465 -66.2898534509 1 -50.6899137867 1.84489039217 -0.624859896141 17.588028039 59.87140763 
324 51.712446928 -116.525894165 -114.09336853 -76.5333709717 -66.2864410079 2 -50.6995311994 1.85974955038 -0.624859815321 17.588027914 59.871407748 
325 51.8664040565 -106.565765381 -104.133239746 -66.5732421875 -66.1471825083 3 -50.6995336746 1.85974964117 -0.934234472314 17.588027914 59.871407748 
326 52.0173430443 -111.945175171 -109.512649536 -71.9526519775 -66.3778496711 1 -50.6995336746 1.85974964117 -0.934234472314 17.588027914 59.871407748 
327 52.1696400642 -114.336524963 -111.903999329 -74.34400177 -66.3429438262 2 -50.6995328881 1.85974961232 -0.835929716981 17.588027914 59.871407748 
328 52.353579998 -107.423881531 -104.991355896 -67.4313583374 -67.0976626342 3 -50.6995328881 1.85974961232 -0.835929716981 17.588027914 59.871407748 
329 52.509747982 -110.248580933 -107.816055298 -70.2560577393 -66.8387901556 1 -50.6995308 1.85974953573 -0.57495045806 17.588027914 59.871407748 
330 52.6588120461 -114.369522095 -111.93699646 -74.3769989014 -66.8398234918 2 -50.7142743193 1.83077117973 -0.574950347987 17.588028246 59.871407811 
331 52.8193359375 -106.940490723 -104.507965088 -66.9479675293 -66.462312998 3 -50.7142744433 1.83077118421 -0.590440006901 17.588028246 59.871407811 
332 52.9988758564 -110.049713135 -107.6171875 -70.0571899414 -66.426317389 1 -50.7142769814 1.83077127584 -0.907585423818 17.588028246 59.871407811 
333 53.1559050083 -115.931350708 -113.498825073 -75.9388275146 -66.4551253812 2 -50.7142769815 1.83077127584 -0.907599420016 17.588028246 59.871407811 
334 53.3035418987 -109.027923584 -106.595397949 -69.0354003906 -67.9266619338 3 -50.7142724747 1.83077111315 -0.344467329764 17.588028246 59.871407811 
335 53.4592840672 -110.014938354 -107.58241272 -70.0224151611 -67.9135601606 1 -50.7142724747 1.83077111315 -0.344467329764 17.588028246 59.871407811 
336 53.6473309994 -113.926651001 -111.494125366 -73.9341278076 -67.8332582999 2 -50.7283121595 1.82908792825 -0.555381886085 17.5880283 59.87140793 
337 53.8026058674 -108.209754944 -105.777229309 -68.2172317505 -67.3261508582 3 -50.7283121595 1.82908792825 -0.555381886085 17.5880283 59.87140793 
338 53.9626829624 -109.669288635 -107.236763 -69.6767654419 -67.2205176242 1 -50.7283121252 1.82908792702 -0.551102204018 17.5880283 59.87140793 
339 54.1072678566 -115.627731323 -113.195205688 -75.6352081299 -67.2747622306 2 -50.7283121252 1.82908792702 -0.551102204018 17.5880283 59.87140793 
340 54.2942130566 -107.415458679 -104.982933044 -67.4229354858 -66.728316717 3 -50.728312409 1.82908793725 -0.586557182358 17.5880283 59.87140793 
341 54.4477629662 -108.196517944 -105.76399231 -68.203994751 -66.2444457219 1 -50.728312409 1.82908793725 -0.586557182358 17.5880283 59.87140793 
342 54.6045880318 -112.644500732 -110.211975098 -72.6519775391 -66.1612420383 2 -50.7283127226 1.82908794856 -0.625731377517 17.5880283 59.87140793 
343 54.7520060539 -107.902702332 -105.470176697 -67.9101791382 -66.4202019273 3 -50.7704303421 1.77353004659 -0.387007972091 17.588028973 59.871408172 
344 54.9395620823 -108.663391113 -106.230865479 -68.6708679199 -66.6132897653 1 -50.7704303421 1.77353004659 -0.387007972091 17.588028973 59.871408172 
345 55.0947668552 -115.360778809 -112.928253174 -75.3682556152 -66.7115440987 2 -50.7704322861 1.7735301145 -0.629645129456 17.588028973 59.871408172 
346 55.2485210896 -109.34588623 -106.913360596 -69.3533630371 -67.4235757245 3 -50.7704322861 1.7735301145 -0.629645129456 17.588028973 59.871408172 
347 55.3984239101 -108.469734192 -106.037208557 -68.4772109985 -67.3124226525 1 -50.7704316927 1.77353009377 -0.555587375502 17.588028973 59.871408172 
348 55.5890710354 -114.650909424 -112.218383789 -74.6583862305 -67.291963699 2 -50.7704344483 1.77353019003 -0.89952135467 17.588028973 59.871408172 
349 55.7356719971 -106.409263611 -103.976737976 -66.4167404175 -65.6711881945 3 -50.8031826933 1.67055857613 -0.899521118759 17.588030101 59.871408224 
350 55.8950800896 -112.137321472 -109.704795837 -72.1447982788 -66.2216794698 1 -50.8031826933 1.67055857613 -0.899521118759 17.588030101 59.871408224 
351 56.0455520153 -113.091209412 -110.658683777 -73.0986862183 -66.1753006735 2 -50.8031782431 1.67055842979 -0.344433320125 17.588030101 59.871408224 
352 56.2378120422 -106.977378845 -104.54485321 -66.9848556519 -66.6761376356 3 -50.8031799987 1.67055848752 -0.563411748345 17.588030101 59.871408224 
353 56.3861720562 -109.924118042 -107.491592407 -69.9315948486 -66.3864334317 1 -50.8031799987 1.67055848752 -0.563411748345 17.588030101 59.871408224 
354 56.5486040115 -114.520317078 -112.087791443 -74.5277938843 -66.4345524039 2 -50.8031816296 1.67055854115 -0.766834896298 17.588030101 59.871408224 
355 56.6981749535 -107.88886261 -105.456336975 -67.8963394165 -67.1062308814 3 -50.8223271748 1.57462225112 -0.766834768974 17.588031122 59.871408173 
356 56.8808920383 -110.068504333 -107.635978699 -70.0759811401 -67.1445950071 1 -50.8223262705 1.5746222231 -0.654082038684 17.588031122 59.871408173 
357 57.0124399662 -116.446876526 -114.014350891 -76.4543533325 -67.1876413084 2 -50.8223262705 1.5746222231 -0.654082038684 17.588031122 59.871408173 
358 57.1710338593 -106.829162598 -104.396636963 -66.8366394043 -66.3749688847 3 -50.8223319166 1.57462239803 -1.35806219367 17.588031122 59.871408173 
359 57.3294169903 -109.879203796 -107.446678162 -69.886680603 -66.3392873178 1 -50.8223275328 1.57462226221 -0.81146683021 17.588031122 59.871408173 
360 57.4869930744 -115.125061035 -112.6925354 -75.1325378418 -66.3220962256 2 -50.8223275328 1.57462226221 -0.81146683021 17.588031122 59.871408173 
361 57.6404600143 -108.413955688 -105.981430054 -68.4214324951 -67.4631319989 3 -50.8227535741 1.47905081747 -1.28091930847 17.58803209 59.871407959 
362 57.7926208973 -109.509689331 -107.077163696 -69.5171661377 -67.3350391775 1 -50.8227535741 1.47905081747 -1.28091930847 17.58803209 59.871407959 
363 57.9453299046 -115.605201721 -113.172676086 -75.6126785278 -67.3469496657 2 -50.8227483327 1.47905066494 -0.627393316313 17.58803209 59.871407959 
364 58.1311690807 -109.135231018 -106.702705383 -69.1427078247 -67.7576182407 3 -50.8227483327 1.47905066494 -0.627393316313 17.58803209 59.871407959 
365 58.2907230854 -111.185958862 -108.753433228 -71.1934356689 -68.3513004499 1 -50.8227478336 1.47905065041 -0.565169203223 17.58803209 59.871407959 
366 58.4383468628 -114.669921875 -112.23739624 -74.6773986816 -68.3104260033 2 -50.8227478336 1.47905065041 -0.565169203223 17.58803209 59.871407959 
367 58.6036338806 -106.732772827 -104.300247192 -66.7402496338 -66.4282938552 3 -50.8655622634 1.38393866512 -0.327302187836 17.588033165 59.871408117 
368 58.7942509651 -111.396980286 -108.964454651 -71.4044570923 -66.450816388 1 -50.8655622634 1.38393866512 -0.327302187836 17.588033165 59.871408117 
369 58.9500489235 -114.144508362 -111.711982727 -74.1519851685 -66.4374059396 2 -50.8655626045 1.3839386744 -0.369796661533 17.588033165 59.871408117 
370 59.1091639996 -107.176422119 -104.743896484 -67.1838989258 -66.8179069653 3 -50.8655626045 1.3839386744 -0.369796661533 17.588033165 59.871408117 
371 59.2608540058 -109.726753235 -107.2942276 -69.7342300415 -66.5332234718 1 -50.8655640888 1.38393871478 -0.55471470758 17.588033165 59.871408117 
372 59.4171559811 -115.896453857 -113.463928223 -75.9039306641 -66.5695241211 2 -50.8655630244 1.38393868582 -0.422109100175 17.588033165 59.871408117 
373 59.5722539425 -109.046958923 -106.614433289 -69.05443573 -67.8098191744 3 -50.8655630244 1.38393868582 -0.422109100175 17.588033165 59.871408117 
374 59.7287390232 -108.326118469 -105.893592834 -68.3335952759 -67.1207248665 1 -50.8815224686 1.32087876606 -0.531837793341 17.588033845 59.871408113 
375 59.8780019283 -114.967681885 -112.53515625 -74.9751586914 -67.1005212742 2 -50.8815224686 1.32087876606 -0.531837793341 17.588033845 59.871408113 
