Nr Etime Raw dBm dBmW/m2 sum:dBmW/m2 loop X Y Z 
1 0 -73.8565368652 -71.4240112305 -33.8640136719 -28.6752774009 2 5.0349628131 24.2516615235 0.0580938558445 17.58762777 59.870967506 
2 0.0348839759827 -78.724937439 -76.2924118042 -38.7324142456 -28.6691224764 3 4.97716306166 24.3294741498 0.0580941088516 17.587627135 59.870968189 
3 0.107063055038 -67.8988037109 -65.4662780762 -27.9062805176 -27.7569855834 1 4.97716306166 24.3294741498 0.0580941088516 17.587627135 59.870968189 
4 0.309370040894 -73.6747970581 -71.2422714233 -33.6822738647 -27.7456300086 2 4.97716302317 24.3294739617 0.107104752188 17.587627135 59.870968189 
5 0.439331054688 -77.9963302612 -75.5638046265 -38.0038070679 -27.7401411292 3 4.97716302317 24.3294739617 0.107104752188 17.587627135 59.870968189 
6 0.6170399189 -67.1934204102 -64.7608947754 -27.2008972168 -27.0795785959 1 4.97716294313 24.3294735704 0.209013263471 17.587627135 59.870968189 
7 0.770698070526 -72.1196899414 -69.6871643066 -32.127166748 -26.9735727765 2 4.97716284127 24.3294730725 0.338696438234 17.587627135 59.870968189 
8 0.956887960434 -75.3417739868 -72.9092483521 -35.3492507935 -26.9414437602 3 4.86298693295 24.6148066169 0.338697451564 17.587624549 59.870969838 
9 1.11175203323 -67.4856719971 -65.0531463623 -27.4931488037 -27.1987468638 1 4.86298706454 24.6148072829 0.167221954742 17.587624549 59.870969838 
10 1.26354503632 -71.939704895 -69.5071792603 -31.9471817017 -27.1794386096 2 4.86298706454 24.6148072829 0.167221954742 17.587624549 59.870969838 
11 1.41853499413 -74.075378418 -71.6428527832 -34.0828552246 -27.1398636669 3 4.8629869402 24.6148066536 0.329248310517 17.587624549 59.870969838 
12 1.6082611084 -69.3396072388 -66.907081604 -29.3470840454 -28.5934229827 1 4.8629869402 24.6148066536 0.329248310517 17.587624549 59.870969838 
13 1.76452302933 -69.3219604492 -66.8894348145 -29.3294372559 -27.7142791112 2 4.86298682612 24.6148060761 0.477908497507 17.587624549 59.870969838 
14 1.91346001625 -72.2599868774 -69.8274612427 -32.2674636841 -27.5681704036 3 4.86298682612 24.6148060761 0.477908497507 17.587624549 59.870969838 
15 2.07102012634 -67.3572311401 -64.9247055054 -27.3647079468 -26.4709647842 1 4.53156873709 24.835212922 0.566260255354 17.587623192 59.87097324 
16 2.25909209251 -70.2471160889 -67.8145904541 -30.2545928955 -26.6829525545 2 4.53156900826 24.8352144081 0.187056934784 17.587623192 59.87097324 
17 2.40792512894 -76.2688903809 -73.8363647461 -36.2763671875 -26.827365988 3 4.53156900826 24.8352144081 0.187056934784 17.587623192 59.87097324 
18 2.55750203133 -65.2653579712 -62.8328285217 -25.2728271484 -25.0518094393 1 4.5315687873 24.8352131971 0.496047348278 17.587623192 59.87097324 
19 2.71619200706 -72.714050293 -70.2815246582 -32.7215270996 -25.1904223986 2 4.5315687873 24.8352131971 0.496047348278 17.587623192 59.87097324 
20 2.90158605576 -79.6030349731 -77.1705093384 -39.6105117798 -25.2007802462 3 4.53156919951 24.8352154562 -0.0803723397769 17.587623192 59.87097324 
21 3.0488140583 -66.7706375122 -64.3381118774 -26.7781143188 -26.6363257084 1 3.82900299799 25.0584379292 -0.0803719250864 17.587622784 59.870979896 
22 3.20234298706 -70.0914764404 -67.6589508057 -30.0989532471 -26.3473831496 2 3.82900278539 25.0584365378 0.271473394758 17.587622784 59.870979896 
23 3.35801410675 -74.8342971802 -72.4017715454 -34.8417739868 -26.3091157145 3 3.82900272991 25.0584361748 0.36328100185 17.587622784 59.870979896 
24 3.54122805595 -66.890838623 -64.4583129883 -26.8983154297 -26.4054411614 1 3.82900272991 25.0584361748 0.36328100185 17.587622784 59.870979896 
25 3.69977593422 -71.0121078491 -68.5795822144 -31.0195846558 -26.5469023615 2 3.82900267455 25.0584358125 0.454906063952 17.587622784 59.870979896 
26 3.85239696503 -75.5068511963 -73.0743255615 -35.5143280029 -26.5596228374 3 3.82900267455 25.0584358125 0.454906063952 17.587622784 59.870979896 
27 4.00318098068 -65.2100906372 -62.7775611877 -25.2175598145 -25.0547858649 1 3.07276349063 25.1672330728 0.201253687297 17.587623675 59.870986761 
28 4.19474697113 -72.2019882202 -69.7694625854 -32.2094650269 -25.1143407295 2 3.07276349063 25.1672330728 0.201253687297 17.587623675 59.870986761 
29 4.34267306328 -73.857383728 -71.4248580933 -33.8648605347 -25.093893325 3 3.07276338413 25.1672322006 0.420873742868 17.587623675 59.870986761 
30 4.49475097656 -66.7179489136 -64.2854232788 -26.7254257202 -26.4844726522 1 3.07276338413 25.1672322006 0.420873742868 17.587623675 59.870986761 
31 4.65691494942 -70.183303833 -67.7507781982 -30.1907806396 -26.2581949515 2 3.07276349181 25.1672330825 0.198818900118 17.587623675 59.870986761 
32 4.83742594719 -75.3397827148 -72.9072570801 -35.3472595215 -26.2907821836 3 3.07276349181 25.1672330825 0.198818900118 17.587623675 59.870986761 
33 4.99345803261 -65.7675094604 -63.334980011 -25.7749786377 -25.4846582974 1 2.09141345985 25.2669231512 0.0470819918476 17.587625251 59.870995575 
34 5.14561295509 -72.5542678833 -70.1217422485 -32.5617446899 -25.6564626218 2 2.09141345985 25.2669231512 0.0470819918476 17.587625251 59.870995575 
35 5.29848098755 -75.4464797974 -73.0139541626 -35.453956604 -25.6576634676 3 2.09141339413 25.2669223572 0.246212748412 17.587625251 59.870995575 
36 5.49506402016 -68.8428115845 -66.4102859497 -28.8502883911 -28.4028915737 1 2.09141332343 25.2669215032 0.460413631739 17.587625251 59.870995575 
37 5.64426994324 -72.1502151489 -69.7176895142 -32.1576919556 -28.3384393533 2 2.09141332343 25.2669215031 0.460418870024 17.587625251 59.870995575 
38 5.81100893021 -72.5146636963 -70.0821380615 -32.5221405029 -28.115966402 3 2.0914133509 25.266921835 0.377196513046 17.587625251 59.870995575 
39 5.96961402893 -68.496963501 -66.0644378662 -28.5044403076 -27.8638455788 1 1.0212769354 25.1054485389 0.377195607929 17.587629703 59.871004571 
40 6.12711405754 -71.1333236694 -68.7007980347 -31.1408004761 -27.6913446814 2 1.02127699105 25.1054499068 0.0319181042504 17.587629703 59.871004571 
41 6.28179597855 -73.2099380493 -70.7774124146 -33.217414856 -27.7566330241 3 1.02127699105 25.1054499068 0.0319181042504 17.587629703 59.871004571 
42 6.43524193764 -67.093170166 -64.6606445312 -27.1006469727 -26.6770900751 1 1.02127693922 25.1054486326 0.353543361813 17.587629703 59.871004571 
43 6.59302306175 -69.7794647217 -67.3469390869 -29.7869415283 -26.4489433071 2 1.02127699681 25.1054500484 -0.00383495239919 17.587629703 59.871004571 
44 6.75031208992 -74.1767883301 -71.7442626953 -34.1842651367 -26.4837802829 3 1.02127699681 25.1054500484 -0.00383495239919 17.587629703 59.871004571 
45 6.9131090641 -67.5015335083 -65.0690078735 -27.5090103149 -26.7837878899 1 0.0298254213687 24.8651759574 -0.21726004226 17.587634745 59.871012699 
46 7.06066012383 -68.907333374 -66.4748077393 -28.9148101807 -26.5300096407 2 0.0298254213687 24.8651759574 -0.21726004226 17.587634745 59.871012699 
47 7.21827292442 -75.2875823975 -72.8550567627 -35.2950592041 -26.5557729515 3 0.0298254204411 24.8651751841 -0.0201672229448 17.587634745 59.871012699 
48 7.40333414078 -66.2025985718 -63.7700691223 -26.210067749 -25.6353214042 1 0.0298254204411 24.8651751841 -0.0201672229448 17.587634745 59.871012699 
49 7.55317211151 -69.3847198486 -66.9521942139 -29.3921966553 -25.7320932882 2 0.0298254189876 24.8651739723 0.288640981901 17.587634745 59.871012699 
50 7.70536994934 -73.7315063477 -71.2989807129 -33.7389831543 -25.704453719 3 0.0298254189876 24.8651739723 0.288640981901 17.587634745 59.871012699 
51 7.86919498444 -66.441986084 -64.0094604492 -26.4494628906 -25.8919026569 1 -1.10718439133 24.5890535129 0.241968925099 17.587640533 59.871022019 
52 8.04539012909 -69.1123809814 -66.6798553467 -29.1198577881 -25.8347753107 2 -1.10718439133 24.5890535129 0.241968925099 17.587640533 59.871022019 
53 8.19688796997 -71.3636779785 -68.9311523438 -31.3711547852 -25.7249827585 3 -1.10718453814 24.5890567736 -0.598322655835 17.587640533 59.871022019 
54 8.35233306885 -66.2194976807 -63.7869682312 -26.2269744873 -25.563329473 1 -1.10718453814 24.5890567736 -0.598322655835 17.587640533 59.871022019 
55 8.5057079792 -69.9380340576 -67.5055084229 -29.9455108643 -25.7011286647 2 -1.10718447698 24.5890554151 -0.248241580757 17.587640533 59.871022019 
56 8.66298699379 -72.1172332764 -69.6847076416 -32.124710083 -25.7484057298 3 -1.10718447698 24.5890554151 -0.248241580757 17.587640533 59.871022019 
57 8.81818914413 -66.6314620972 -64.1989364624 -26.6389389038 -26.0724482345 1 -1.10718441029 24.5890539341 0.133436720729 17.587640533 59.871022019 
58 8.97297096252 -69.3749847412 -66.9424591064 -29.3824615479 -25.9670407616 2 -2.4095292972 23.9899539113 0.038840958231 17.587650024 59.87103205 
59 9.12412905693 -71.379699707 -68.9471740723 -31.3871765137 -25.9161095841 3 -2.4095292972 23.9899539113 0.038840958231 17.587650024 59.87103205 
60 9.31563997269 -66.4904785156 -64.0579528809 -26.4979553223 -25.8141239889 1 -2.40952938212 23.9899547567 -0.184477303286 17.587650024 59.87103205 
61 9.46821308136 -70.009513855 -67.5769882202 -30.0169906616 -25.9232020264 2 -2.40952938212 23.9899547567 -0.184477303286 17.587650024 59.87103205 
62 9.62272310257 -73.838508606 -71.4059829712 -33.8459854126 -26.0454306545 3 -2.40952929372 23.9899538766 0.0479992428593 17.587650024 59.87103205 
63 9.77894806862 -65.3711700439 -62.9386405945 -25.3786468506 -25.0972160526 1 -2.40952929372 23.9899538766 0.0479992428593 17.587650024 59.87103205 
64 9.97021007538 -71.0604934692 -68.6279678345 -31.0679702759 -25.1854354603 2 -3.72448021685 23.3564731335 0.659125882175 17.587659896 59.871042113 
65 10.1179530621 -74.3184051514 -71.8858795166 -34.325881958 -25.1934288415 3 -3.72448039339 23.3564742406 0.358753512512 17.587659896 59.871042113 
66 10.2680490017 -65.4813613892 -63.0488319397 -25.4888305664 -25.2943911194 1 -3.72448039339 23.3564742406 0.358753512512 17.587659896 59.871042113 
67 10.4250750542 -69.5903778076 -67.1578521729 -29.5978546143 -25.1519650777 2 -3.72448066771 23.3564759609 -0.107969761939 17.587659896 59.871042113 
68 10.6089069843 -73.47215271 -71.0396270752 -33.4796295166 -25.1368789719 3 -3.72448066771 23.3564759609 -0.107969761939 17.587659896 59.871042113 
69 10.7421939373 -64.7798461914 -62.3473167419 -24.787322998 -24.5269734653 1 -3.7244805125 23.3564749876 0.156104942833 17.587659896 59.871042113 
70 10.9001381397 -70.1332550049 -67.7007293701 -30.1407318115 -24.5739692798 2 -3.7244805125 23.3564749876 0.156104942833 17.587659896 59.871042113 
71 11.0536160469 -73.4390716553 -71.0065460205 -33.4465484619 -24.5734175779 3 -4.96267338517 22.5323112953 -0.105438227097 17.587671495 59.87105107 
72 11.2420051098 -66.4923858643 -64.0598602295 -26.4998626709 -26.0542358343 1 -4.96267338517 22.5323112953 -0.105438227097 17.587671495 59.87105107 
73 11.3955030441 -68.3784103394 -65.9458847046 -28.385887146 -25.6775611752 2 -4.9626731623 22.5323102833 0.179151197395 17.587671495 59.87105107 
74 11.542591095 -71.501739502 -69.0692138672 -31.5092163086 -25.5918862985 3 -4.9626731623 22.5323102833 0.179151197395 17.587671495 59.87105107 
75 11.697510004 -66.7783813477 -64.3458557129 -26.7858581543 -25.7758555535 1 -4.96267322314 22.5323105596 0.101464199179 17.587671495 59.87105107 
76 11.8877100945 -69.6561050415 -67.2235794067 -29.6635818481 -26.0875236821 2 -4.96267322314 22.5323105596 0.101464199179 17.587671495 59.87105107 
77 12.0359790325 -73.1566390991 -70.7241134644 -33.1641159058 -26.1850493532 3 -6.09042007559 21.7473991503 0.0644712603016 17.587682406 59.87105915 
78 12.1910691261 -66.0659561157 -63.6334266663 -26.073425293 -25.6246164865 1 -6.09042007559 21.7473991503 0.0644712603016 17.587682406 59.87105915 
79 12.3492541313 -69.5333480835 -67.1008224487 -29.5408248901 -25.6050448143 2 -6.0904194966 21.7473970829 0.666887105143 17.587682406 59.87105915 
80 12.5157489777 -70.6341552734 -68.2016296387 -30.6416320801 -25.463093358 3 -6.09041980433 21.7473981817 0.34670449159 17.587682406 59.87105915 
81 12.668915987 -66.6630249023 -64.2304992676 -26.670501709 -25.8979912945 1 -6.09041980433 21.7473981817 0.34670449159 17.587682406 59.87105915 
82 12.8196139336 -70.0522003174 -67.6196746826 -30.059677124 -25.9859730967 2 -6.09042016489 21.7473994692 -0.0284327686721 17.587682406 59.87105915 
83 12.9766681194 -71.0359573364 -68.6034317017 -31.0434341431 -26.0293895115 3 -7.17801296571 20.6838703618 -0.0284351900451 17.58769603 59.871066244 
84 13.1587190628 -67.2996368408 -64.8671112061 -27.3071136475 -26.4846690275 1 -7.17801273611 20.6838697002 0.174254041782 17.58769603 59.871066244 
85 13.3132750988 -70.5201644897 -68.087638855 -30.5276412964 -26.5673676483 2 -7.17801273611 20.6838697002 0.174254041782 17.58769603 59.871066244 
86 13.4657981396 -70.8362960815 -68.4037704468 -30.8437728882 -26.5409100055 3 -7.17801260344 20.6838693179 0.291376476117 17.58769603 59.871066244 
87 13.6227190495 -67.1858596802 -64.7533340454 -27.1933364868 -26.4603424674 1 -7.17801304682 20.6838705955 -0.10003825469 17.58769603 59.871066244 
88 13.8065929413 -69.9758758545 -67.5433502197 -29.9833526611 -26.3673176177 2 -7.17801304682 20.6838705955 -0.10003825469 17.58769603 59.871066244 
89 13.9576239586 -71.0411605835 -68.6086349487 -31.0486373901 -26.3923412424 3 -8.29159171102 19.6113874461 0.732605643628 17.587709813 59.871073545 
90 14.1111860275 -65.845664978 -63.4131355286 -25.8531341553 -25.3848797702 1 -8.29159171102 19.6113874461 0.732605643628 17.587709813 59.871073545 
91 14.2704670429 -70.6747817993 -68.2422561646 -30.682258606 -25.4579932323 2 -8.29159155083 19.6113870672 0.855033342188 17.587709813 59.871073545 
92 14.4508359432 -73.3238449097 -70.8913192749 -33.3313217163 -25.5683641246 3 -8.29159155083 19.6113870672 0.855033342188 17.587709813 59.871073545 
93 14.6125159264 -64.9812469482 -62.5487174988 -24.9887237549 -24.793414396 1 -8.29159126635 19.6113863943 1.07244392964 17.587709813 59.871073545 
94 14.7610900402 -70.2099914551 -67.7774658203 -30.2174682617 -24.7592655011 2 -8.29159126635 19.6113863943 1.07244392964 17.587709813 59.871073545 
95 14.9123089314 -73.2975845337 -70.8650588989 -33.3050613403 -24.7587556218 3 -9.26819577856 18.229649362 0.294507888339 17.587726364 59.871078943 
96 15.0925481319 -67.5744171143 -65.1418914795 -27.5818939209 -26.9002529229 1 -9.26819577856 18.229649362 0.294507888339 17.587726364 59.871078943 
97 15.2497091293 -70.6616363525 -68.2291107178 -30.6691131592 -26.9906130348 2 -9.26819525509 18.2296483324 0.652412869278 17.587726364 59.871078943 
98 15.4063749313 -77.4890975952 -75.0565719604 -37.4965744019 -27.0943925173 3 -9.26819525509 18.2296483324 0.652412869278 17.587726364 59.871078943 
99 15.5681080818 -67.1734085083 -64.7408828735 -27.1808853149 -26.7682908446 1 -9.26819528151 18.2296483844 0.634348062272 17.587726364 59.871078943 
100 15.7519071102 -71.5554733276 -69.1229476929 -31.5629501343 -26.8933803289 2 -9.26819536155 18.2296485418 0.579626988885 17.587726364 59.871078943 
101 15.9009840488 -73.8772125244 -71.4446868896 -33.8846893311 -26.8241492949 3 -10.1158371532 16.9271187197 0.579624671763 17.587741774 59.871083393 
102 16.050921917 -64.7407226562 -62.3081932068 -24.7481994629 -24.6252797021 1 -10.1158375533 16.9271193892 0.328969707046 17.587741774 59.871083393 
103 16.2078840733 -70.5200500488 -68.0875244141 -30.5275268555 -24.571594675 2 -10.1158375533 16.9271193892 0.328969707046 17.587741774 59.871083393 
104 16.3910739422 -73.647857666 -71.2153320312 -33.6553344727 -24.5682780631 3 -10.1158375444 16.9271193743 0.33454690067 17.587741774 59.871083393 
105 16.5419881344 -65.6585693359 -63.2260398865 -25.6660461426 -25.3971401645 1 -10.1158375444 16.9271193743 0.33454690067 17.587741774 59.871083393 
106 16.6946070194 -73.0276947021 -70.5951690674 -33.0351715088 -25.5419142022 2 -10.1158378981 16.9271199661 0.113015204572 17.587741774 59.871083393 
107 16.8445460796 -75.7005310059 -73.2680053711 -35.7080078125 -25.57380051 3 -10.1158378691 16.9271199176 0.131175400674 17.587741774 59.871083393 
108 17.038061142 -62.698600769 -60.2660713196 -22.7060699463 -22.6820922302 1 -10.8393165145 15.830679786 0.131173762837 17.587754772 59.871087226 
109 17.1894719601 -70.5627288818 -68.1302032471 -30.5702056885 -22.6434648281 2 -10.8393176626 15.8306814627 -0.540011399035 17.587754772 59.871087226 
110 17.3426430225 -70.9147872925 -68.4822616577 -30.9222640991 -22.6012008279 3 -10.8393176626 15.8306814627 -0.540011399035 17.587754772 59.871087226 
111 17.4985229969 -62.9299240112 -60.4973945618 -22.9373931885 -22.8210463074 1 -10.8393162955 15.8306794661 0.259210532363 17.587754772 59.871087226 
112 17.6653370857 -70.0923919678 -67.659866333 -30.0998687744 -22.8062898192 2 -10.8393162955 15.8306794661 0.259210532363 17.587754772 59.871087226 
113 17.8023040295 -70.3271026611 -67.8945770264 -30.3345794678 -22.7902780107 3 -10.8393166173 15.830679936 0.0711243121943 17.587754772 59.871087226 
114 17.9605391026 -62.9369812012 -60.5044517517 -22.9444580078 -22.7968793446 1 -11.7662112228 14.8141777227 0.0711235074247 17.587767497 59.871093021 
115 18.1152129173 -71.6592407227 -69.2267150879 -31.6667175293 -22.8358752489 2 -11.7662119879 14.8141786859 -0.340894225166 17.587767497 59.871093021 
116 18.2969279289 -71.1184387207 -68.6859130859 -31.1259155273 -22.8569612354 3 -11.7662119879 14.8141786859 -0.340894225166 17.587767497 59.871093021 
117 18.4531431198 -63.4158210754 -60.983291626 -23.4232940674 -23.3147420547 1 -11.7662108149 14.8141772091 0.290795486498 17.587767497 59.871093021 
118 18.6040410995 -70.5021514893 -68.0696258545 -30.5096282959 -23.2823407524 2 -11.7662108149 14.8141772091 0.290795486498 17.587767497 59.871093021 
119 18.7637410164 -70.2310028076 -67.7984771729 -30.2384796143 -23.2529479395 3 -11.766211518 14.8141780943 -0.0878367844072 17.587767497 59.871093021 
120 18.953234911 -62.1217498779 -59.6892204285 -22.1292266846 -22.0337102503 1 -12.2751812687 13.9038669508 0.0195837897127 17.587778047 59.871095401 
121 19.0982160568 -73.1482772827 -70.7157516479 -33.1557540894 -22.0647890816 2 -12.2751812687 13.9038669508 0.0195841456806 17.587778047 59.871095401 
122 19.2601380348 -71.3781433105 -68.9456176758 -31.3856201172 -22.0855514753 3 -12.2751814249 13.9038671278 -0.0610891711912 17.587778047 59.871095401 
123 19.419770956 -61.3572158813 -58.9246864319 -21.3646850586 -21.3338803293 1 -12.2751814249 13.9038671278 -0.0610891711912 17.587778047 59.871095401 
124 19.6036450863 -73.0456695557 -70.6131439209 -33.0531463623 -21.3334263239 2 -12.2751814099 13.9038671107 -0.0533157901333 17.587778047 59.871095401 
125 19.757928133 -73.6429672241 -71.2104415894 -33.6504440308 -21.3471983947 3 -12.2751814099 13.9038671107 -0.0533157901333 17.587778047 59.871095401 
126 19.9159440994 -62.0918998718 -59.6593704224 -22.0993728638 -22.0748854275 1 -12.3334153539 13.601143339 0.0959977762369 17.587781263 59.871095221 
127 20.0674519539 -71.1571502686 -68.7246246338 -31.1646270752 -22.0557863855 2 -12.333416325 13.6011444099 -0.402936585256 17.587781263 59.871095221 
128 20.2537529469 -73.5496749878 -71.117149353 -33.5571517944 -22.0553290543 3 -12.333416325 13.6011444099 -0.402936585256 17.587781263 59.871095221 
129 20.3965649605 -62.4219055176 -59.9893760681 -22.4293823242 -22.3781941406 1 -12.3334159491 13.6011439955 -0.209837256039 17.587781263 59.871095221 
130 20.5497300625 -71.3060836792 -68.8735580444 -31.3135604858 -22.3807126824 2 -12.3334159491 13.6011439955 -0.209837256039 17.587781263 59.871095221 
131 20.7085900307 -73.3406066895 -70.9080810547 -33.3480834961 -22.3794363985 3 -12.3334162587 13.6011443369 -0.368902926338 17.587781263 59.871095221 
132 20.8888850212 -62.9049911499 -60.4724617004 -22.9124603271 -22.850246969 1 -12.3334162587 13.6011443369 -0.368902926338 17.587781263 59.871095221 
133 21.0503540039 -70.6738510132 -68.2413253784 -30.6813278198 -22.8354052103 2 -12.3064669609 13.5949206653 -1.01106652911 17.587781255 59.871094971 
134 21.1952199936 -73.215171814 -70.7826461792 -33.2226486206 -22.8343857166 3 -12.3064669609 13.5949206653 -1.01106652911 17.587781255 59.871094971 
135 21.3464801311 -61.4733543396 -59.0408248901 -21.4808273315 -21.440095445 1 -12.306465161 13.594918677 -0.0842503354653 17.587781255 59.871094971 
136 21.50918293 -70.5827026367 -68.150177002 -30.5901794434 -21.4387756174 2 -12.306465161 13.594918677 -0.0842503354653 17.587781255 59.871094971 
137 21.6790361404 -72.6273803711 -70.1948547363 -32.6348571777 -21.4358090365 3 -12.3064653223 13.5949188552 -0.167313975408 17.587781255 59.871094971 
138 21.8340139389 -61.4181671143 -58.9856376648 -21.4256439209 -21.3817439157 1 -12.3064653223 13.5949188552 -0.167313975408 17.587781255 59.871094971 
139 21.9896121025 -70.6207122803 -68.1881866455 -30.6281890869 -21.3822864979 2 -12.3670067383 13.5963463591 0.0201524155595 17.5877814 59.871095504 
140 22.1365530491 -71.5570602417 -69.1245346069 -31.5645370483 -21.3745304013 3 -12.3670074928 13.5963471886 -0.366441965503 17.5877814 59.871095504 
141 22.3273141384 -61.5872917175 -59.1547622681 -21.5947647095 -21.5395633852 1 -12.3670074928 13.5963471886 -0.366441965503 17.5877814 59.871095504 
142 22.4810609818 -71.0314712524 -68.5989456177 -31.0389480591 -21.5452650722 2 -12.3670066103 13.5963462183 0.0857678744995 17.5877814 59.871095504 
143 22.6347160339 -71.6823120117 -69.249786377 -31.6897888184 -21.5464717329 3 -12.3670066103 13.5963462183 0.0857678744995 17.5877814 59.871095504 
144 22.7909591198 -61.7226104736 -59.2900810242 -21.7300872803 -21.6787254572 1 -12.3670071756 13.5963468398 -0.203888400781 17.5877814 59.871095504 
145 22.9809310436 -70.5101776123 -68.0776519775 -30.5176544189 -21.6708292275 2 -12.3596011786 13.5747488972 -0.203888461061 17.587781599 59.87109539 
146 23.1301751137 -71.2357254028 -68.8031997681 -31.2432022095 -21.6659196231 3 -12.3596011017 13.5747488127 -0.16445983523 17.587781599 59.87109539 
147 23.2873380184 -61.9541740417 -59.5216445923 -21.9616470337 -21.8903758311 1 -12.3596011017 13.5747488127 -0.16445983523 17.587781599 59.87109539 
148 23.4356760979 -71.2748413086 -68.8423156738 -31.2823181152 -21.9025378483 2 -12.3596013312 13.5747490648 -0.282117214018 17.587781599 59.87109539 
149 23.6221580505 -70.4199829102 -67.9874572754 -30.4274597168 -21.8891655132 3 -12.3596014685 13.5747492155 -0.352493781423 17.587781599 59.87109539 
150 23.7715370655 -62.6950569153 -60.2625274658 -22.7025299072 -22.6012542077 1 -12.3596014685 13.5747492155 -0.352493781423 17.587781599 59.87109539 
151 23.9272010326 -72.0234222412 -69.5908966064 -32.0308990479 -22.6129083728 2 -12.3596014685 13.5747492155 -0.352493781423 17.587784687 59.871096849 
152 24.0838310719 -70.966468811 -68.5339431763 -30.9739456177 -22.626166762 3 -12.5901743843 13.3295407616 -0.0418021228274 17.587784687 59.871096849 
153 24.2835531235 -63.5378952026 -61.1053657532 -23.5453643799 -23.4337048998 1 -12.5901746808 13.3295410755 -0.191034655627 17.587784687 59.871096849 
154 24.4286670685 -72.1538619995 -69.7213363647 -32.1613388062 -23.4361216632 2 -12.5901746808 13.3295410755 -0.191034655627 17.587784687 59.871096849 
155 24.580878973 -70.7526397705 -68.3201141357 -30.7601165771 -23.4291495752 3 -12.5901743698 13.3295407462 -0.034506278005 17.587784687 59.871096849 
156 24.7343440056 -64.9678497314 -62.535320282 -24.9753265381 -24.7561350496 1 -12.5901743698 13.3295407462 -0.034506278005 17.587784687 59.871096849 
157 24.9207439423 -71.5719680786 -69.1394424438 -31.5794448853 -24.7342021538 2 -13.2266191036 12.1969012634 0.356998474262 17.587797822 59.871099838 
158 25.0737900734 -69.8167190552 -67.3841934204 -29.8241958618 -24.6624541088 3 -13.2266205149 12.1969025648 -0.319162090695 17.587797822 59.871099838 
159 25.2396039963 -64.7427368164 -62.3102073669 -24.750213623 -24.4662260491 1 -13.2266205149 12.1969025648 -0.319162090695 17.587797822 59.871099838 
160 25.3991041183 -73.9969711304 -71.5644454956 -34.004447937 -24.5221354637 2 -13.2266200411 12.1969021279 -0.0921857753016 17.587797822 59.871099838 
161 25.5861539841 -71.7507553101 -69.3182296753 -31.7582321167 -24.6365012879 3 -13.2266200411 12.1969021279 -0.0921857753016 17.587797822 59.871099838 
162 25.7350230217 -65.9333114624 -63.5007820129 -25.9407806396 -25.7476353364 1 -13.2266193809 12.1969015191 0.224125824769 17.587797822 59.871099838 
163 25.8932321072 -73.1878356934 -70.7553100586 -33.1953125 -25.7258631117 2 -13.8164306755 10.7460022928 0.224124456065 17.587814054 59.871101694 
164 26.0471510887 -71.1322402954 -68.6997146606 -31.1397171021 -25.6818295024 3 -13.8164317636 10.7460031391 -0.274893514916 17.587814054 59.871101694 
165 26.2163000107 -67.1107635498 -64.678237915 -27.1182403564 -26.6903157993 1 -13.8164317636 10.7460031391 -0.274893514916 17.587814054 59.871101694 
166 26.3689501286 -73.2104187012 -70.7778930664 -33.2178955078 -26.6914394685 2 -13.8164302611 10.7460019705 0.414182641212 17.587814054 59.871101694 
167 26.5239970684 -70.2777023315 -67.8451766968 -30.2851791382 -26.5604712972 3 -13.8164302611 10.7460019705 0.414182641212 17.587814054 59.871101694 
168 26.6824309826 -65.6435852051 -63.2110557556 -25.6510620117 -25.3494305294 1 -13.8164306425 10.7460022672 0.239259292428 17.587814054 59.871101694 
169 26.8638150692 -72.0873565674 -69.6548309326 -32.094833374 -25.3105304276 2 -14.2353947985 9.30034712121 -0.415717861133 17.587829783 59.871102067 
170 27.0131280422 -67.4595565796 -65.0270309448 -27.4670333862 -24.7927946754 3 -14.2353947985 9.30034712121 -0.415717861133 17.587829783 59.871102067 
171 27.1686959267 -64.7250213623 -62.2924919128 -24.7324981689 -24.1336706675 1 -14.2353931104 9.30034601835 0.33571738205 17.587829783 59.871102067 
172 27.3216109276 -72.5537109375 -70.1211853027 -32.5611877441 -24.1444293182 2 -14.2353931104 9.30034601835 0.33571738205 17.587829783 59.871102067 
173 27.5020430088 -69.1154327393 -66.6829071045 -29.1229095459 -24.4109761287 3 -14.2353930924 9.30034600658 0.343738429433 17.587829783 59.871102067 
174 27.6563589573 -68.7063980103 -66.2738723755 -28.7138748169 -27.2105225533 1 -14.2353930924 9.30034600658 0.343738429433 17.587829783 59.871102067 
175 27.8100941181 -74.9713745117 -72.538848877 -34.9788513184 -27.3382883282 2 -14.2353926359 9.30034570833 0.546955123269 17.587829783 59.871102067 
176 27.969219923 -69.3856658936 -66.9531402588 -29.3931427002 -27.4529686343 3 -14.9219872491 7.60716871235 0.546954443831 17.587848721 59.871104218 
177 28.126760006 -69.1810684204 -66.7485427856 -29.1885452271 -27.7056858693 1 -14.921986849 7.60716850835 0.716890259299 17.587848721 59.871104218 
178 28.2861731052 -73.2706451416 -70.8381195068 -33.2781219482 -27.6169267428 2 -14.9219873233 7.60716875017 0.515449970602 17.587848721 59.871104218 
179 28.4374940395 -68.2612609863 -65.8287353516 -28.268737793 -27.0482642679 3 -14.9219873233 7.60716875017 0.515449970602 17.587848721 59.871104218 
180 28.5906729698 -69.3097305298 -66.877204895 -29.3172073364 -27.0953941392 1 -14.9219878936 7.60716904087 0.273293986574 17.587848721 59.871104218 
181 28.7777440548 -71.9704360962 -69.5379104614 -31.9779129028 -26.9945085045 2 -14.9219878936 7.60716904087 0.273293986574 17.587848721 59.871104218 
182 28.9306609631 -67.8806381226 -65.4481124878 -27.8881149292 -26.7746728559 3 -15.4470289794 6.08810847603 0.309617299082 17.587865472 59.871105352 
183 29.093444109 -67.5580444336 -65.1255187988 -27.5655212402 -26.0679586713 1 -15.4470289794 6.08810847603 0.309617299082 17.587865472 59.871105352 
184 29.2414391041 -70.2143478394 -67.7818222046 -30.221824646 -25.8970620644 2 -15.4470302386 6.08810897228 -0.206906133844 17.587865472 59.871105352 
185 29.429443121 -67.2889251709 -64.8563995361 -27.2964019775 -25.6408823043 3 -15.4470302386 6.08810897228 -0.206906133844 17.587865472 59.871105352 
186 29.5709071159 -65.8258743286 -63.3933448792 -25.8333435059 -24.7560634702 1 -15.4470288905 6.08810844098 0.346105802065 17.587865472 59.871105352 
187 29.7182869911 -69.9303894043 -67.4978637695 -29.9378662109 -24.7317206316 2 -15.4470288905 6.08810844098 0.346105802065 17.587865472 59.871105352 
188 29.8741700649 -66.5949630737 -64.162437439 -26.6024398804 -24.4942143085 3 -16.004664449 4.53690789652 0.466210265425 17.587882634 59.871106698 
189 30.0589461327 -64.5410461426 -62.1085166931 -24.5485229492 -23.7090877691 1 -16.004664449 4.53690789652 0.466210265425 17.587882634 59.871106698 
190 30.2152569294 -69.3838653564 -66.9513397217 -29.3913421631 -23.6740814608 2 -16.0046641975 4.53690782522 0.565790209124 17.587882634 59.871106698 
191 30.3624219894 -66.6810073853 -64.2484817505 -26.6884841919 -23.6960941891 3 -16.0046641512 4.5369078121 0.5841184951 17.587882634 59.871106698 
192 30.5165281296 -65.460319519 -63.0277900696 -25.4677886963 -24.2723554112 1 -16.0046641512 4.5369078121 0.5841184951 17.587882634 59.871106698 
193 30.7033770084 -71.7577209473 -69.3251953125 -31.7651977539 -24.413520024 2 -16.0046640595 4.5369077861 0.620437012688 17.587882634 59.871106698 
194 30.8584201336 -67.5923461914 -65.1598205566 -27.599822998 -24.6916528471 3 -16.0046640595 4.5369077861 0.620437012688 17.587882634 59.871106698 
195 31.0108880997 -66.8633956909 -64.4308700562 -26.8708724976 -25.5707200735 1 -16.6545227595 2.54583875176 -0.0424450450036 17.587904489 59.871107849 
196 31.167016983 -68.9958496094 -66.5633239746 -29.003326416 -25.2707736604 2 -16.6545227595 2.54583875176 -0.0424450450036 17.587904489 59.871107849 
197 31.3432180882 -68.4161071777 -65.983581543 -28.4235839844 -25.5189725284 3 -16.6545211065 2.54583849909 0.586483896046 17.587904489 59.871107849 
198 31.4930081367 -64.8603744507 -62.4278450012 -24.8678436279 -24.2268610505 1 -16.6545211065 2.54583849909 0.586483896046 17.587904489 59.871107849 
199 31.6517820358 -71.4103088379 -68.9777832031 -31.4177856445 -24.3947039455 2 -16.6545204543 2.54583839939 0.834632988361 17.587904489 59.871107849 
200 31.8032059669 -69.7851257324 -67.3526000977 -29.7926025391 -24.5596297257 3 -16.654521622 2.54583857788 0.390365388442 17.587904489 59.871107849 
201 31.9943060875 -65.066192627 -62.6336631775 -25.0736694336 -24.7370734209 1 -17.008319489 0.724908401158 0.390365857532 17.587923843 59.871106797 
202 32.1487109661 -73.0944519043 -70.6619262695 -33.1019287109 -24.7917892681 2 -17.0083196844 0.724908409488 0.31755615483 17.587923843 59.871106797 
203 32.3038220406 -68.5892791748 -66.15675354 -28.5967559814 -24.6379398364 3 -17.0083196844 0.724908409488 0.31755615483 17.587923843 59.871106797 
204 32.4605710506 -64.1694869995 -61.73695755 -24.1769561768 -23.8790723791 1 -17.0083189265 0.724908377187 0.599913953266 17.587923843 59.871106797 
205 32.6411759853 -73.3096160889 -70.8770904541 -33.3170928955 -23.8820043058 2 -17.0083189265 0.724908377187 0.599913953266 17.587923843 59.871106797 
206 32.8021531105 -68.8442840576 -66.4117584229 -28.8517608643 -23.9096167925 3 -17.0083196976 0.724908410049 0.312650875264 17.587923843 59.871106797 
207 32.9498810768 -63.8131408691 -61.3806114197 -23.8206176758 -23.5916843697 1 -17.3250943473 -0.853705747713 0.312651749699 17.587940648 59.871105973 
208 33.1080319881 -72.9717636108 -70.5392379761 -32.9792404175 -23.5875400418 2 -17.3250931538 -0.853705688905 0.74916415079 17.587940648 59.871105973 
209 33.2961850166 -70.1352615356 -67.7027359009 -30.1427383423 -23.6754659461 3 -17.3250931538 -0.853705688905 0.74916415079 17.587940648 59.871105973 
210 33.4254889488 -65.4607315063 -63.0282020569 -25.4682006836 -25.1691874215 1 -17.3250938824 -0.853705724807 0.482675072719 17.587940648 59.871105973 
211 33.5866770744 -71.1697921753 -68.7372665405 -31.1772689819 -25.0935495709 2 -17.3250938824 -0.853705724807 0.482675072719 17.587940648 59.871105973 
212 33.7321009636 -68.3546981812 -65.9221725464 -28.3621749878 -24.839331926 3 -17.3250933695 -0.853705699533 0.670272692998 17.587940648 59.871105973 
213 33.926928997 -66.0820236206 -63.6494941711 -26.0894927979 -25.2869028015 1 -17.3250941113 -0.853705736083 0.398971940654 17.587940648 59.871105973 
214 34.0732169151 -72.2073059082 -69.7747802734 -32.2147827148 -25.3423429784 2 -17.5409755009 -2.6879028943 0.398973047009 17.587959773 59.871103684 
215 34.2321310043 -68.8665161133 -66.4339904785 -28.8739929199 -25.4589102744 3 -17.5409753059 -2.68790286442 0.46941793772 17.587959773 59.871103684 
216 34.3921561241 -67.7123413086 -65.2798156738 -27.7198181152 -26.549893938 1 -17.5409753059 -2.68790286442 0.46941793772 17.587959773 59.871103684 
217 34.5752799511 -74.208442688 -71.7759170532 -34.2159194946 -26.6483527804 2 -17.540976548 -2.68790305475 0.0207134540073 17.587959773 59.871103684 
218 34.7301239967 -70.6624298096 -68.2299041748 -30.6699066162 -27.1380449805 3 -17.5409736798 -2.68790261524 1.05686080943 17.587959773 59.871103684 
219 34.8795681 -69.6008987427 -67.1683731079 -29.6083755493 -28.4142087085 1 -17.5409736798 -2.68790261524 1.05686080943 17.587959773 59.871103684 
220 35.0388801098 -73.2411956787 -70.8086700439 -33.2486724854 -28.3315642507 2 -17.6823929404 -4.62283214174 1.09561581897 17.587979721 59.871100514 
221 35.217484951 -70.3847198486 -67.9521942139 -30.3921966553 -28.2329163662 3 -17.6823929404 -4.62283214174 1.09561581897 17.587979721 59.871100514 
222 35.3691220284 -69.2088851929 -66.7763595581 -29.2163619995 -28.0160780972 1 -17.6823933043 -4.62283223687 0.965214179577 17.587979721 59.871100514 
223 35.5203409195 -73.333442688 -70.9009170532 -33.3409194946 -28.024207414 2 -17.6823933043 -4.62283223687 0.965214179577 17.587979721 59.871100514 
224 35.6740629673 -69.9158859253 -67.4833602905 -29.9233627319 -27.8551132426 3 -17.6823936024 -4.62283231481 0.85837489719 17.587979721 59.871100514 
225 35.8596010208 -69.6390075684 -67.2064819336 -29.646484375 -28.0742786567 1 -17.6823936024 -4.62283231481 0.85837489719 17.587979721 59.871100514 
226 36.0189409256 -73.1249771118 -70.6924514771 -33.1324539185 -28.0550126601 2 -17.7562618496 -6.53709401555 0.834638839303 17.587999282 59.8710968 
227 36.1650109291 -70.4241333008 -67.991607666 -30.4316101074 -28.2556832831 3 -17.7562618496 -6.53709401555 0.834638839303 17.587999282 59.8710968 
228 36.3228869438 -67.6436462402 -65.2111206055 -27.6511230469 -26.986579949 1 -17.756262565 -6.53709427895 0.57930830614 17.587999282 59.8710968 
229 36.5017881393 -73.9882202148 -71.5556945801 -33.9956970215 -27.0290151864 2 -17.756262565 -6.53709427895 0.57930830614 17.587999282 59.8710968 
230 36.6595609188 -70.7425231934 -68.3099975586 -30.75 -27.09171191 3 -17.7562629241 -6.53709441113 0.451176451872 17.587999282 59.8710968 
231 36.8094370365 -68.6735687256 -66.2410430908 -28.6810455322 -27.8412488124 1 -17.7562615263 -6.53709389652 0.950023952209 17.587999282 59.8710968 
232 36.9735281467 -75.5674591064 -73.1349334717 -35.5749359131 -27.9082130206 2 -17.7915626927 -8.17632855682 0.950025955233 17.588015959 59.871093375 
233 37.1489031315 -71.7020339966 -69.2695083618 -31.7095108032 -28.1285654005 3 -17.7915636826 -8.17632901172 0.597471253627 17.588015959 59.871093375 
234 37.3083720207 -68.7383956909 -66.3058700562 -28.7458724976 -28.1786602354 1 -17.7915636826 -8.17632901172 0.597471253627 17.588015959 59.871093375 
235 37.4545531273 -75.5860137939 -73.1534881592 -35.5934906006 -28.179273158 2 -17.7915626553 -8.17632853959 0.963376400532 17.588015959 59.871093375 
236 37.611978054 -71.0597000122 -68.6271743774 -31.0671768188 -28.0369679586 3 -17.7915626553 -8.17632853959 0.963376400532 17.588015959 59.871093375 
237 37.7747690678 -67.2957611084 -64.8632354736 -27.303237915 -26.9097467231 1 -17.7915639895 -8.17632915275 0.488167190792 17.588015959 59.871093375 
238 37.9290480614 -76.4350509644 -74.0025253296 -36.442527771 -26.9226686913 2 -17.7836353827 -9.76276633226 0.488169414836 17.588031988 59.871089692 
239 38.0818619728 -71.810295105 -69.3777694702 -31.8177719116 -27.0188718511 3 -17.7836339844 -9.76276556462 0.986428513082 17.588031988 59.871089692 
240 38.2353079319 -67.6816177368 -65.2490921021 -27.6890945435 -27.3535075084 1 -17.7836339844 -9.76276556462 0.986428513082 17.588031988 59.871089692 
241 38.3931829929 -73.3648147583 -70.9322891235 -33.3722915649 -27.2530691619 2 -17.7836349807 -9.76276611155 0.631428374816 17.588031988 59.871089692 
242 38.5537109375 -70.7668457031 -68.3343200684 -30.7743225098 -27.0952468739 3 -17.7836349807 -9.76276611155 0.631428374816 17.588031988 59.871089692 
243 38.7094509602 -66.7275009155 -64.2949752808 -26.7349777222 -26.3342072487 1 -17.7836346657 -9.76276593861 0.743681788918 17.588031988 59.871089692 
244 38.8596630096 -71.8907852173 -69.4582595825 -31.8982620239 -26.2532093392 2 -17.7836342857 -9.76276573002 0.879070304936 17.588031988 59.871089692 
245 39.0171279907 -68.6271209717 -66.1945953369 -28.6345977783 -25.8405265029 3 -17.6465059607 -11.435025535 0.879072718201 17.588048545 59.871084683 
246 39.2009289265 -66.6470031738 -64.2144775391 -26.6544799805 -25.7868737791 1 -17.6465067147 -11.4350260237 0.608284683306 17.588048545 59.871084683 
247 39.3590300083 -71.766960144 -69.3344345093 -31.7744369507 -25.7792493098 2 -17.6465067147 -11.4350260237 0.608284683306 17.588048545 59.871084683 
248 39.5088291168 -69.681060791 -67.2485351562 -29.6885375977 -26.0158706432 3 -17.6465057543 -11.4350254013 0.953163387395 17.588048545 59.871084683 
249 39.6688420773 -67.4316177368 -64.9990921021 -27.4390945435 -26.5721224085 1 -17.6465057543 -11.4350254013 0.953163387395 17.588048545 59.871084683 
250 39.8519001007 -71.9983139038 -69.565788269 -32.0057907104 -26.5922082812 2 -17.6465064019 -11.4350258209 0.720625456903 17.588048545 59.871084683 
251 40.0079250336 -69.3169631958 -66.884437561 -29.3244400024 -26.4989870446 3 -17.4273965942 -13.0399638136 0.650265284093 17.588064205 59.87107911 
252 40.1592991352 -67.8187255859 -65.3861999512 -27.8262023926 -26.7420709881 1 -17.4273965942 -13.0399638136 0.650265284093 17.588064205 59.87107911 
253 40.3141949177 -71.5334014893 -69.1008758545 -31.5408782959 -26.696635403 2 -17.4273949649 -13.0399625945 1.24270605951 17.588064205 59.87107911 
254 40.5026021004 -69.409034729 -66.9765090942 -29.4165115356 -26.7236806876 3 -17.4273949649 -13.0399625945 1.24270605951 17.588064205 59.87107911 
255 40.6537621021 -68.4689941406 -66.0364685059 -28.4764709473 -27.0913260038 1 -17.427397599 -13.0399645654 0.284926716277 17.588064205 59.87107911 
256 40.8114430904 -71.4603424072 -69.0278167725 -31.4678192139 -27.0817731198 2 -17.427397599 -13.0399645654 0.284926716277 17.588064205 59.87107911 
257 40.9641079903 -68.009147644 -65.5766220093 -28.0166244507 -26.4971741115 3 -17.0318182468 -14.4213904925 0.61327453915 17.588077139 59.871072502 
258 41.1515591145 -67.0284347534 -64.5959091187 -27.0359115601 -25.8003565245 1 -17.0318182468 -14.4213904925 0.61327453915 17.588077139 59.871072502 
259 41.3032810688 -71.7738800049 -69.3413543701 -31.7813568115 -25.8219327944 2 -17.0318185063 -14.4213907123 0.516729087321 17.588077139 59.871072502 
260 41.4512479305 -67.6714630127 -65.2389373779 -27.6789398193 -25.6928677833 3 -17.0318185063 -14.4213907123 0.516729087321 17.588077139 59.871072502 
261 41.6132719517 -65.7811965942 -63.3486671448 -25.7886657715 -24.9343526924 1 -17.0318185765 -14.4213907716 0.490628713524 17.588077139 59.871072502 
262 41.7650330067 -71.3842926025 -68.9517669678 -31.3917694092 -24.916200518 2 -17.0318185765 -14.4213907716 0.490628713524 17.588077139 59.871072502 
263 41.921667099 -68.2555770874 -65.8230514526 -28.263053894 -25.0646601433 3 -16.4363141987 -15.7341710047 1.1122141005 17.588088852 59.871064301 
264 42.0691349506 -65.4204330444 -62.987903595 -25.4279022217 -24.8002443573 1 -16.4363153027 -15.7341720615 0.686591741966 17.588088852 59.871064301 
265 42.2274999619 -70.3059997559 -67.8734741211 -30.3134765625 -24.734161486 2 -16.4363153027 -15.7341720615 0.686591741966 17.588088852 59.871064301 
266 42.4109010696 -68.250541687 -65.8180160522 -28.2580184937 -24.7331691473 3 -16.4363149909 -15.7341717631 0.806787630021 17.588088852 59.871064301 
267 42.5677070618 -64.4637985229 -62.0312690735 -24.4712677002 -23.999445034 1 -16.4363149909 -15.7341717631 0.806787630021 17.588088852 59.871064301 
268 42.7194709778 -69.6516799927 -67.2191543579 -29.6591567993 -23.9581477754 2 -16.4363156408 -15.7341723852 0.556255467031 17.588088852 59.871064301 
269 42.8763260841 -67.9998931885 -65.5673675537 -28.0073699951 -23.9217768197 3 -15.9559499485 -16.7754066314 0.55625690905 17.588098121 59.871057726 
270 43.0364289284 -65.1616210938 -62.7290916443 -25.1690979004 -24.4429895202 1 -15.9559498173 -16.7754064935 0.608375477027 17.588098121 59.871057726 
271 43.1908209324 -70.076675415 -67.6441497803 -30.0841522217 -24.4782154139 2 -15.9559498173 -16.7754064935 0.608375477027 17.588098121 59.871057726 
272 43.3510680199 -68.3576583862 -65.9251327515 -28.3651351929 -24.544141559 3 -15.9559499761 -16.7754066605 0.545283652705 17.588098121 59.871057726 
273 43.4954400063 -65.5224914551 -63.0899620056 -25.5299682617 -24.8089840511 1 -15.9559499761 -16.7754066605 0.545283652705 17.588098121 59.871057726 
274 43.6874029636 -69.9498825073 -67.5173568726 -29.957359314 -24.7975116435 2 -15.9559486146 -16.775405229 1.08602980966 17.588098121 59.871057726 
275 43.8355989456 -68.1846618652 -65.7521362305 -28.1921386719 -24.7629601025 3 -15.9559486146 -16.775405229 1.08602980966 17.588098121 59.871057726 
276 43.9903519154 -65.9875869751 -63.5550575256 -25.9950561523 -25.0789477084 1 -15.5511115647 -17.7555633069 0.737014883198 17.588106971 59.871051951 
277 44.1405389309 -70.65599823 -68.2234725952 -30.6634750366 -25.1436542725 2 -15.5511110147 -17.755562679 0.961113362365 17.588106971 59.871051951 
278 44.3270020485 -69.372215271 -66.9396896362 -29.3796920776 -25.3808479712 3 -15.5511110147 -17.755562679 0.961113362365 17.588106971 59.871051951 
279 44.4867720604 -68.7535018921 -66.3209762573 -28.7609786987 -27.0802228292 1 -15.5511118358 -17.7555636165 0.626538926109 17.588106971 59.871051951 
280 44.641176939 -70.1578979492 -67.7253723145 -30.1653747559 -26.9752944415 2 -15.5511118358 -17.7555636165 0.626538926109 17.588106971 59.871051951 
281 44.7993469238 -68.4381942749 -66.0056686401 -28.4456710815 -26.6202868093 3 -15.5511114144 -17.7555631353 0.798254016287 17.588106971 59.871051951 
282 44.9802610874 -69.4548797607 -67.022354126 -29.4623565674 -26.8563076973 1 -15.419482205 -18.1073159013 0.798254689101 17.588110183 59.871049998 
283 45.139975071 -71.0008239746 -68.5682983398 -31.0083007812 -27.0141017486 2 -15.4194809732 -18.1073144547 1.30450023948 17.588110183 59.871049998 
284 45.289386034 -68.9049224854 -66.4723968506 -28.912399292 -27.2429773862 3 -15.4194812639 -18.1073147962 1.18501603146 17.588110183 59.871049998 
285 45.4476621151 -68.2116622925 -65.7791366577 -28.2191390991 -26.7102043308 1 -15.4194812639 -18.1073147962 1.18501603146 17.588110183 59.871049998 
286 45.633687973 -70.7157440186 -68.2832183838 -30.7232208252 -26.6685181655 2 -15.4194819434 -18.1073155941 0.905783147439 17.588110183 59.871049998 
287 45.8108050823 -68.0152359009 -65.5827102661 -28.0227127075 -26.3087753903 3 -15.4194819434 -18.1073155941 0.905783147439 17.588110183 59.871049998 
288 45.9373059273 -70.0237121582 -67.5911865234 -30.0311889648 -26.8898525253 1 -15.2311348918 -18.2368029329 1.46179827124 17.588110997 59.871048055 
289 46.0916030407 -70.900932312 -68.4684066772 -30.9084091187 -26.9204445524 2 -15.2311348918 -18.2368029329 1.46179827124 17.588110997 59.871048055 
290 46.2864470482 -69.1645355225 -66.7320098877 -29.1720123291 -27.537546204 3 -15.2311363481 -18.2368046764 0.855946203871 17.588110997 59.871048055 
291 46.4300210476 -67.677986145 -65.2454605103 -27.6854629517 -26.4940026131 1 -15.2311363481 -18.2368046764 0.855946203871 17.588110997 59.871048055 
292 46.5881109238 -71.7853927612 -69.3528671265 -31.7928695679 -26.5912865367 2 -15.2311361118 -18.2368043936 0.954235353563 17.588110997 59.871048055 
293 46.7402451038 -70.3697280884 -67.9372024536 -30.377204895 -26.8931336572 3 -15.2311367714 -18.2368051833 0.679825927881 17.588110997 59.871048055 
294 46.9232571125 -67.752532959 -65.3200073242 -27.7600097656 -26.9446171557 1 -15.308898003 -18.2194289894 0.679826065468 17.588111026 59.871048775 
295 47.0830299854 -71.5482406616 -69.1157150269 -31.5557174683 -26.9179096074 2 -15.3088974044 -18.219428277 0.927611871632 17.588111026 59.871048775 
296 47.234484911 -71.2900619507 -68.8575363159 -31.2975387573 -27.0760401424 3 -15.3088974044 -18.219428277 0.927611871632 17.588111026 59.871048775 
297 47.3932099342 -67.7111358643 -65.2786102295 -27.7186126709 -27.0457508052 1 -15.3088962068 -18.2194268517 1.42332920781 17.588111026 59.871048775 
298 47.5823020935 -71.5011444092 -69.0686187744 -31.5086212158 -27.0397926035 2 -15.3088962068 -18.2194268517 1.42332920781 17.588111026 59.871048775 
299 47.7290740013 -71.2028427124 -68.7703170776 -31.210319519 -27.0273025422 3 -15.3088964725 -18.2194271679 1.31335037154 17.588111026 59.871048775 
300 47.8757560253 -67.843711853 -65.4111862183 -27.8511886597 -27.1229204878 1 -15.3088964725 -18.2194271679 1.31335037154 17.588111026 59.871048775 
301 48.0360710621 -70.6676635742 -68.2351379395 -30.6751403809 -26.9921167277 2 -15.4089102694 -18.1588972783 0.706432633875 17.588110677 59.871049788 
302 48.2176420689 -71.3350143433 -68.9024887085 -31.3424911499 -27.0105750443 3 -15.4089102694 -18.1588972783 0.706432633875 17.588110677 59.871049788 
303 48.3705661297 -67.9169311523 -65.4844055176 -27.924407959 -27.0600216825 1 -15.4089100867 -18.158897063 0.781551089789 17.588110677 59.871049788 
304 48.5285301208 -70.8009643555 -68.3684387207 -30.8084411621 -27.0846256497 2 -15.4089096189 -18.1588965118 0.973923292941 17.588110677 59.871049788 
305 48.6788930893 -75.2001113892 -72.7675857544 -35.2075881958 -27.3548394285 3 -15.4089096189 -18.1588965118 0.973923292941 17.588110677 59.871049788 
306 48.8675739765 -67.3001098633 -64.8675842285 -27.3075866699 -26.8655764638 1 -15.4089087198 -18.1588954522 1.34366693332 17.588110677 59.871049788 
307 49.0238320827 -70.9710998535 -68.5385742188 -30.9785766602 -26.892367895 2 -15.4960052057 -18.1690388815 1.34366717485 17.588111009 59.871050527 
308 49.1703090668 -73.5203170776 -71.0877914429 -33.5277938843 -26.8379782314 3 -15.4960064566 -18.1690403482 0.832108302949 17.588111009 59.871050527 
309 49.3281319141 -67.5117874146 -65.0792617798 -27.5192642212 -27.0068411007 1 -15.4960064566 -18.1690403482 0.832108302949 17.588111009 59.871050527 
310 49.515640974 -70.4280395508 -67.995513916 -30.4355163574 -26.909965461 2 -15.4960068452 -18.1690408039 0.673194531067 17.588111009 59.871050527 
311 49.6677129269 -73.4228973389 -70.9903717041 -33.4303741455 -26.905240621 3 -15.4960068452 -18.1690408039 0.673194531067 17.588111009 59.871050527 
312 49.8225960732 -67.505355835 -65.0728302002 -27.5128326416 -26.9003914083 1 -15.496006271 -18.1690401305 0.908038816651 17.588111009 59.871050527 
313 49.9821059704 -70.5529098511 -68.1203842163 -30.5603866577 -26.9243466355 2 -15.5498052171 -18.2330241101 0.671365142201 17.588111798 59.871050852 
314 50.1648509502 -74.013130188 -71.5806045532 -34.0206069946 -26.9503318698 3 -15.5498052171 -18.2330241101 0.671365142201 17.588111798 59.871050852 
315 50.3015699387 -67.1641693115 -64.7316436768 -27.1716461182 -26.6824209014 1 -15.5498048539 -18.2330236842 0.819374544347 17.588111798 59.871050852 
316 50.4552199841 -73.2055892944 -70.7730636597 -33.2130661011 -26.9556563408 2 -15.5498048539 -18.2330236842 0.819374544347 17.588111798 59.871050852 
317 50.6071779728 -79.1898345947 -76.75730896 -39.1973114014 -27.0331903037 3 -15.5498052691 -18.2330241711 0.65015726404 17.588111798 59.871050852 
318 50.7973310947 -66.082244873 -63.6497154236 -26.0897216797 -26.0045489925 1 -15.5498052691 -18.2330241711 0.65015726404 17.588111798 59.871050852 
319 50.9579479694 -74.0359039307 -71.6033782959 -34.0433807373 -26.0296480745 2 -15.6745917215 -18.2944416167 0.723469630885 17.588112748 59.871051804 
320 51.1054489613 -83.3643875122 -80.9318618774 -43.3718643188 -26.0339631153 3 -15.6745917215 -18.2944416167 0.723469630885 17.588112748 59.871051804 
321 51.2596149445 -65.1853408813 -62.7528114319 -25.1928100586 -25.1557584881 1 -15.6745916567 -18.2944415411 0.749652558354 17.588112748 59.871051804 
322 51.4421129227 -75.0140991211 -72.5815734863 -35.0215759277 -25.1689430365 2 -15.6745916567 -18.2944415411 0.749652558354 17.588112748 59.871051804 
323 51.6032691002 -83.7924957275 -81.3599700928 -43.7999725342 -25.1690319301 3 -15.674590774 -18.2944405109 1.10649291981 17.588112748 59.871051804 
324 51.7549939156 -65.0269470215 -62.594417572 -25.0344238281 -25.0123098371 1 -15.674591987 -18.2944419266 0.616120627353 17.588112748 59.871051804 
325 51.9477679729 -74.1229400635 -71.6904144287 -34.1304168701 -25.0013660778 2 -15.7408862542 -18.3054537314 0.616120822936 17.588113034 59.871052359 
326 52.1384210587 -84.5708694458 -82.138343811 -44.5783462524 -25.001479831 3 -15.7408844907 -18.3054516805 1.32607779439 17.588113034 59.871052359 
327 52.2815670967 -64.8352508545 -62.402721405 -24.8427276611 -24.8125480136 1 -15.7408844907 -18.3054516805 1.32607779439 17.588113034 59.871052359 
328 52.43917799 -73.9154586792 -71.4829330444 -33.9229354858 -24.8095693546 2 -15.7408866551 -18.3054541976 0.454742380326 17.588113034 59.871052359 
329 52.5928161144 -82.7051620483 -80.2726364136 -42.712638855 -24.8092405763 3 -15.7408866551 -18.3054541976 0.454742380326 17.588113034 59.871052359 
330 52.7529051304 -64.6664505005 -62.233921051 -24.6739196777 -24.6429194385 1 -15.7408855275 -18.3054528863 0.908665142352 17.588113034 59.871052359 
331 52.9063689709 -73.9719238281 -71.5393981934 -33.9794006348 -24.6436960801 2 -15.7986863699 -18.3409136009 1.47477985914 17.588113545 59.871052784 
332 53.0558991432 -82.3458862305 -79.9133605957 -42.3533630371 -24.6436010081 3 -15.7986863699 -18.3409136009 1.47477985914 17.588113545 59.871052784 
333 53.2078969479 -64.2416305542 -61.8091011047 -24.2490997314 -24.2241375271 1 -15.7986876845 -18.3409151271 0.947494455668 17.588113545 59.871052784 
334 53.396171093 -73.6181335449 -71.1856079102 -33.6256103516 -24.2198409479 2 -15.7986876845 -18.3409151271 0.947494455668 17.588113545 59.871052784 
335 53.5534050465 -81.7666168213 -79.3340911865 -41.7740936279 -24.2196841376 3 -15.7986881205 -18.3409156333 0.772601504726 17.588113545 59.871052784 
336 53.7013070583 -64.476348877 -62.0438194275 -24.4838256836 -24.4510773847 1 -15.7986881205 -18.3409156333 0.772601504726 17.588113545 59.871052784 
337 53.8610920906 -73.6866531372 -71.2541275024 -33.6941299438 -24.452064057 2 -15.7986878497 -18.3409153189 0.88122624282 17.588113545 59.871052784 
338 54.0499899387 -82.937171936 -80.5046463013 -42.9446487427 -24.452374661 3 -15.8442072549 -18.2901212075 0.881226209165 17.588113151 59.871053298 
339 54.1901259422 -64.9913406372 -62.5588111877 -24.9988098145 -24.9590178644 1 -15.8442085813 -18.2901227387 0.350725672762 17.588113151 59.871053298 
340 54.3322570324 -72.6829528809 -70.2504272461 -32.6904296875 -24.9362911723 2 -15.8442085813 -18.2901227387 0.350725672762 17.588113151 59.871053298 
341 54.4930360317 -78.7399673462 -76.3074417114 -38.7474441528 -24.9330826432 3 -15.8442083719 -18.2901224968 0.434503099041 17.588113151 59.871053298 
342 54.6782860756 -66.0752487183 -63.6427192688 -26.0827178955 -25.9754800844 1 -15.8442083719 -18.2901224968 0.434503099041 17.588113151 59.871053298 
343 54.8316209316 -71.7687225342 -69.3361968994 -31.7761993408 -25.9244787576 2 -15.8442070016 -18.2901209151 0.98251796887 17.588113151 59.871053298 
344 54.9961709976 -75.7986907959 -73.3661651611 -35.8061676025 -25.9075322103 3 -15.8659299498 -18.2905943689 0.982518024649 17.588113213 59.871053487 
345 55.1499660015 -66.3323440552 -63.8998146057 -26.3398132324 -26.143575518 1 -15.865931088 -18.2905956809 0.5279536648 17.588113213 59.871053487 
346 55.3409850597 -72.1987991333 -69.7662734985 -32.2062759399 -26.1729286874 2 -15.8659315511 -18.2905962149 0.34295958329 17.588113213 59.871053487 
347 55.4871559143 -75.258644104 -72.8261184692 -35.2661209106 -26.1656812924 3 -15.8659315511 -18.2905962149 0.34295958329 17.588113213 59.871053487 
348 55.6463980675 -66.1569137573 -63.7243843079 -26.1643829346 -26.0032769294 1 -15.8659306684 -18.2905951973 0.695513325337 17.588113213 59.871053487 
349 55.8003940582 -71.3198318481 -68.8873062134 -31.3273086548 -25.9418898002 2 -15.8659306684 -18.2905951973 0.695513325337 17.588113213 59.871053487 
350 55.999530077 -74.9426345825 -72.5101089478 -34.9501113892 -25.9372513367 3 -15.8530245428 -18.3231136327 0.77369802394 17.588113508 59.8710533 
351 56.1490399837 -66.2379379272 -63.8054084778 -26.2454071045 -26.0100921468 1 -15.8530245428 -18.3231136327 0.77369802394 17.588113508 59.8710533 
352 56.2997760773 -71.2747879028 -68.8422622681 -31.2822647095 -26.0061628728 2 -15.85302426 -18.3231133059 0.886733921046 17.588113508 59.8710533 
353 56.4572749138 -75.0222320557 -72.5897064209 -35.0297088623 -26.0074343286 3 -15.8530238901 -18.3231128783 1.03460758867 17.588113508 59.8710533 
354 56.6421849728 -66.4458389282 -64.0133132935 -26.4533157349 -26.1928126439 1 -15.8530238901 -18.3231128783 1.03460758867 17.588113508 59.8710533 
355 56.7919991016 -71.5712509155 -69.1387252808 -31.5787277222 -26.2195700516 2 -15.8530241968 -18.3231132328 0.912008625036 17.588113508 59.8710533 
356 56.9503250122 -76.0167770386 -73.5842514038 -36.0242538452 -26.2334157632 3 -15.8267000911 -18.2979403895 0.912008486811 17.588113184 59.871053127 
357 57.0998330116 -66.2884597778 -63.8559303284 -26.2959289551 -26.0906999021 1 -15.8266993995 -18.2979395899 1.18890308444 17.588113184 59.871053127 
358 57.2858529091 -72.6278610229 -70.1953353882 -32.6353378296 -26.1585723907 2 -15.8266993995 -18.2979395899 1.18890308444 17.588113184 59.871053127 
359 57.4375469685 -75.8842163086 -73.4516906738 -35.8916931152 -26.1571187512 3 -15.8267000941 -18.2979403929 0.91080924537 17.588113184 59.871053127 
360 57.5975980759 -69.8738250732 -67.4412994385 -29.8813018799 -29.239128676 1 -15.8267002566 -18.2979405808 0.845726296001 17.588113184 59.871053127 
361 57.7519369125 -72.5150985718 -70.082572937 -32.5225753784 -29.215038693 2 -15.8267002566 -18.2979405808 0.845726296001 17.588113184 59.871053127 
362 57.9141030312 -72.1555786133 -69.7230529785 -32.1630554199 -28.7991896643 3 -15.8267002566 -18.2979405808 0.845726296001 17.588113184 59.871053127 
363 58.0469880104 -69.0577697754 -66.6252441406 -29.065246582 -28.2679951654 1 -15.8524274997 -18.2698935537 0.683770677947 17.588112968 59.871053416 
364 58.2029819489 -72.3539657593 -69.9214401245 -32.3614425659 -28.2445456539 2 -15.8524274997 -18.2698935537 0.683770677947 17.588112968 59.871053416 
365 58.3575320244 -70.1679840088 -67.735458374 -30.1754608154 -27.7662124258 3 -15.8524277926 -18.2698938913 0.566685022848 17.588112968 59.871053416 
366 58.5499410629 -68.9540328979 -66.5215072632 -28.9615097046 -27.7085671076 1 -15.8524279823 -18.2698941099 0.490851968084 17.588112968 59.871053416 
367 58.698980093 -72.3290939331 -69.8965682983 -32.3365707397 -27.7056339946 2 -15.8524279823 -18.2698941099 0.490851968084 17.588112968 59.871053416 
368 58.851829052 -70.079864502 -67.6473388672 -30.0873413086 -27.6769868998 3 -15.852427492 -18.2698935449 0.68684508531 17.588112968 59.871053416 
369 59.0109839439 -68.7360305786 -66.3035049438 -28.7435073853 -27.5536350745 1 -15.8395116526 -18.3405686126 0.686845257263 17.588113649 59.871053142 
370 59.1609270573 -72.7379150391 -70.3053894043 -32.7453918457 -27.5952123834 2 -15.839512267 -18.3405693241 0.441020006905 17.588113649 59.871053142 
371 59.3568530083 -71.7333450317 -69.300819397 -31.7408218384 -27.9976407964 3 -15.839512267 -18.3405693241 0.441020006905 17.588113649 59.871053142 
372 59.5142869949 -68.3934173584 -65.9608917236 -28.400894165 -27.7491790974 1 -15.8395113597 -18.3405682734 0.804020289515 17.588113649 59.871053142 
373 59.6634500027 -72.4637832642 -70.0312576294 -32.4712600708 -27.7201049025 2 -15.8395128021 -18.3405699436 0.226974186309 17.588113649 59.871053142 
374 59.8227479458 -71.0998840332 -68.6673583984 -31.1073608398 -27.607602289 3 -15.8395128021 -18.3405699436 0.226974186309 17.588113649 59.871053142 
375 59.9834520817 -68.6261672974 -66.1936416626 -28.633644104 -27.7664390193 1 -15.7841869487 -18.3734535981 0.939142668575 17.588113836 59.871052583 
