Nr Etime Raw dBm dBmW/m2 sum:dBmW/m2 loop X Y Z 
1 0 -82.8705978394 -80.4380722046 -42.878074646 -26.8634904498 1 -14.8755508017 -18.301595395 0.718840605128 17.588110716 59.871044796 
2 0.0345690250397 -74.333366394 -71.9008407593 -34.3408432007 -26.8668704765 3 -14.806477549 -18.3150295995 0.718840482126 17.58811067 59.871044161 
3 0.259820222855 -67.3197021484 -64.8871765137 -27.3271789551 -27.2413089053 1 -14.8064757554 -18.3150273809 1.48644939887 17.58811067 59.871044161 
4 0.403959035873 -82.6345214844 -80.2019958496 -42.641998291 -27.2411229099 2 -14.8064757554 -18.3150273809 1.48644939887 17.58811067 59.871044161 
5 0.558775186539 -71.1098098755 -68.6772842407 -31.1172866821 -26.9761792239 3 -14.8064772074 -18.3150291769 0.865033067998 17.58811067 59.871044161 
6 0.747772216797 -70.7031326294 -68.2706069946 -30.710609436 -29.3944193501 1 -14.8064772074 -18.3150291769 0.865033067998 17.58811067 59.871044161 
7 0.895857095718 -74.3649978638 -71.932472229 -34.3724746704 -29.1898765005 2 -14.806477257 -18.3150292382 0.843822713553 17.58811067 59.871044161 
8 1.05807304382 -69.7469024658 -67.3143768311 -29.7543792725 -28.5230768557 3 -14.806477257 -18.3150292382 0.843822713553 17.58811067 59.871044161 
9 1.21006822586 -68.5379104614 -66.1053848267 -28.5453872681 -27.4693317427 1 -14.7998541905 -18.2794893206 0.786131225209 17.588110293 59.871044184 
10 1.40353512764 -69.6159820557 -67.1834564209 -29.6234588623 -26.8513749971 2 -14.799852983 -18.2794878292 1.30314847076 17.588110293 59.871044184 
11 1.54679822922 -80.6560592651 -78.2235336304 -40.6635360718 -27.5079619717 3 -14.799852983 -18.2794878292 1.30314847076 17.588110293 59.871044184 
12 1.70103907585 -64.5678405762 -62.1353111267 -24.5753173828 -24.3714885963 1 -14.7998528004 -18.2794876036 1.38133975051 17.588110293 59.871044184 
13 1.85427904129 -76.8134384155 -74.3809127808 -36.8209152222 -24.5663002608 2 -14.7998528004 -18.2794876036 1.38133975051 17.588110293 59.871044184 
14 2.03979110718 -87.0917663574 -84.6592407227 -47.0992431641 -24.5675430905 3 -15.0524526825 -18.0504418157 1.08400692421 17.588108641 59.871046916 
15 2.19845509529 -65.4806976318 -63.0481681824 -25.4881744385 -25.4763487391 1 -15.0524529448 -18.0504421303 0.973585697077 17.588108641 59.871046916 
16 2.34518909454 -71.1343994141 -68.7018737793 -31.1418762207 -25.3330471339 2 -15.0524529448 -18.0504421303 0.973585697077 17.588108641 59.871046916 
17 2.50324106216 -70.1880950928 -67.755569458 -30.1955718994 -25.1133070477 3 -15.0524531627 -18.0504423916 0.881854435779 17.588108641 59.871046916 
18 2.69037818909 -67.1387252808 -64.706199646 -27.1462020874 -26.4088291497 1 -15.0524531627 -18.0504423916 0.881854435779 17.588108641 59.871046916 
19 2.8434381485 -65.6448974609 -63.2123680115 -25.6523742676 -24.5967358941 2 -15.0524514877 -18.050440383 1.58700305362 17.588108641 59.871046916 
20 2.99854302406 -74.9632873535 -72.5307617188 -34.9707641602 -24.7484467808 3 -15.0524514877 -18.050440383 1.58700305362 17.588108641 59.871046916 
21 3.1510591507 -65.2450485229 -62.8125190735 -25.2525177002 -23.9246504707 1 -15.386056569 -17.2242448257 1.05249457293 17.588101161 59.871051717 
22 3.33714318275 -67.3775482178 -64.945022583 -27.3850250244 -24.5438178854 2 -15.386056569 -17.2242448257 1.05249457293 17.588101161 59.871051717 
23 3.49294304848 -71.5056838989 -69.0731582642 -31.5131607056 -24.4750791924 3 -15.386055561 -17.2242436973 1.46765901691 17.588101161 59.871051717 
24 3.64688611031 -62.6560134888 -60.2234840393 -22.663482666 -22.3968092577 1 -15.386055561 -17.2242436973 1.46765901691 17.588101161 59.871051717 
25 3.80532622337 -71.6936645508 -69.261138916 -31.7011413574 -22.5939032436 2 -15.3860538429 -17.2242417739 2.17526871102 17.588101161 59.871051717 
26 3.99441003799 -68.1078491211 -65.6753234863 -28.1153259277 -22.4628642151 3 -15.9942551682 -16.428669162 1.78629985886 17.588094714 59.871058851 
27 4.14493107796 -65.2171554565 -62.7846260071 -25.2246246338 -24.6302944108 1 -15.9942551682 -16.428669162 1.78629985886 17.588094714 59.871058851 
28 4.30175900459 -66.0629196167 -63.6303901672 -26.0703887939 -23.7838720829 2 -15.9942548129 -16.428668797 1.92706345781 17.588094714 59.871058851 
29 4.45680809021 -68.5919036865 -66.1593780518 -28.5993804932 -23.8437226439 3 -15.9942548129 -16.4286687971 1.92705249692 17.588094714 59.871058851 
30 4.64044213295 -64.5833206177 -62.1507911682 -24.5907897949 -23.4853081724 1 -15.9942544303 -16.428668404 2.07865818176 17.588094714 59.871058851 
31 4.79273104668 -64.6089096069 -62.1763801575 -24.6163787842 -22.9324909041 2 -15.9942544303 -16.428668404 2.07865818176 17.588094714 59.871058851 
32 4.94326019287 -72.3053970337 -69.8728713989 -32.3128738403 -23.067439574 3 -15.994256196 -16.4286702177 1.3790841336 17.588094714 59.871058851 
33 5.10041618347 -63.5895767212 -61.1570472717 -23.5970458984 -22.5182903235 1 -16.5724840267 -15.1030879817 1.37908232201 17.588082826 59.87106693 
34 5.28945207596 -66.4605941772 -64.0280685425 -26.4680709839 -23.0531642974 2 -16.5724843987 -15.1030883207 1.23685955946 17.588082826 59.87106693 
35 5.43591713905 -72.4051513672 -69.9726257324 -32.4126281738 -23.0545357782 3 -16.572483282 -15.103087303 1.66384998465 17.588082826 59.87106693 
36 5.59199619293 -63.8507232666 -61.4181938171 -23.8582000732 -23.2551918648 1 -16.572483282 -15.103087303 1.66384998465 17.588082826 59.87106693 
37 5.74778699875 -70.8865203857 -68.453994751 -30.8939971924 -23.7345026051 2 -16.5724829404 -15.1030869917 1.79445592839 17.588082826 59.87106693 
38 5.9345741272 -70.975440979 -68.5429153442 -30.9829177856 -23.697628824 3 -16.5724829404 -15.1030869917 1.79445592839 17.588082826 59.87106693 
39 6.08277606964 -63.0994949341 -60.6669654846 -23.1069641113 -22.9921372805 1 -17.0995001308 -14.0452608223 1.68307485758 17.588073512 59.871073951 
40 6.23857712746 -76.7305755615 -74.2980499268 -36.7380523682 -23.0459976462 2 -17.0995001308 -14.0452608223 1.68307485758 17.588073512 59.871073951 
41 6.39347100258 -72.3089675903 -69.8764419556 -32.316444397 -23.0719190004 3 -17.0995008966 -14.0452614513 1.39928413022 17.588073512 59.871073951 
42 6.57870602608 -62.928943634 -60.4964141846 -22.936416626 -22.9039989879 1 -17.0995008966 -14.0452614513 1.39928413022 17.588073512 59.871073951 
43 6.73887109756 -85.448638916 -83.0161132812 -45.4561157227 -22.9076498859 2 -17.0995009343 -14.0452614823 1.38529905834 17.588073512 59.871073951 
44 6.8911550045 -71.3385696411 -68.9060440063 -31.3460464478 -22.8916455686 3 -17.0995009343 -14.0452614823 1.38529905834 17.588073512 59.871073951 
45 7.04868602753 -64.60887146 -62.1763420105 -24.6163482666 -24.5204429576 1 -17.4639484436 -12.6276577209 1.04069602868 17.58806013 59.871080369 
46 7.23032402992 -73.4077529907 -70.975227356 -33.4152297974 -24.4847548746 2 -17.4639481433 -12.6276575038 1.14966775746 17.58806013 59.871080369 
47 7.37950015068 -75.7809829712 -73.3484573364 -35.7884597778 -24.5665122012 3 -17.4639481433 -12.6276575038 1.14966775746 17.58806013 59.871080369 
48 7.53841519356 -66.546295166 -64.1137695312 -26.5537719727 -26.434098118 1 -17.4639485091 -12.6276577683 1.01693800867 17.58806013 59.871080369 
49 7.69164609909 -75.5423202515 -73.1097946167 -35.5497970581 -26.4893680737 2 -17.4639485091 -12.6276577683 1.01693800867 17.58806013 59.871080369 
50 7.88985514641 -67.4674606323 -65.0349349976 -27.474937439 -25.4399778318 3 -17.4639476227 -12.6276571274 1.33856551519 17.58806013 59.871080369 
51 7.98312807083 -65.5149841309 -63.0824546814 -25.5224609375 -24.7659322376 1 -17.4639476227 -12.6276571274 1.33856551519 17.58806013 59.871080369 
52 8.17594599724 -74.2231674194 -71.7906417847 -34.2306442261 -24.753318808 2 -17.6789450229 -10.9379938288 1.10484837719 17.588043602 59.871086099 
53 8.32307505608 -73.4978103638 -71.065284729 -33.5052871704 -25.4301092264 3 -17.6789450229 -10.9379938288 1.10484837719 17.588043602 59.871086099 
54 8.50414419174 -64.1065673828 -61.6740379333 -24.1140441895 -24.0652752316 1 -17.6789444722 -10.9379934881 1.30224892455 17.588043602 59.871086099 
55 8.6599111557 -86.0136566162 -83.5811309814 -46.0211334229 -24.0854024339 2 -17.6789444722 -10.9379934881 1.30224892455 17.588043602 59.871086099 
56 8.8094701767 -70.7157058716 -68.2831802368 -30.7231826782 -24.0128521009 3 -17.6789459114 -10.9379943785 0.786395166526 17.588043602 59.871086099 
57 8.96737313271 -62.9670944214 -60.5345649719 -22.9745635986 -22.9141199652 1 -17.6789445932 -10.9379935629 1.25889111017 17.588043602 59.871086099 
58 9.15107321739 -75.3095474243 -72.8770217896 -35.317024231 -22.9070027533 2 -17.8967667257 -9.76010110333 1.25888979789 17.588032259 59.871090688 
59 9.3022441864 -72.5852355957 -70.1527099609 -32.5927124023 -22.9415428908 3 -17.8967677701 -9.7601016729 0.889090836634 17.588032259 59.871090688 
60 9.45744013786 -64.444442749 -62.0119132996 -24.4519195557 -24.3871940874 1 -17.8967677701 -9.7601016729 0.889090836634 17.588032259 59.871090688 
61 9.60679221153 -68.3072280884 -65.8747024536 -28.314704895 -24.0698656351 2 -17.8967676745 -9.76010162079 0.922921429596 17.588032259 59.871090688 
62 9.7985060215 -75.5675048828 -73.134979248 -35.5749816895 -24.102119571 3 -17.8967676745 -9.76010162079 0.922921429596 17.588032259 59.871090688 
63 9.93043708801 -67.3495864868 -64.9170608521 -27.3570632935 -26.2485494652 1 -17.8967678102 -9.76010169477 0.874889959691 17.588032259 59.871090688 
64 10.0894532204 -66.2048110962 -63.7722816467 -26.2122802734 -25.1867038771 2 -17.8967678102 -9.76010169477 0.874889959691 17.588019222 59.871094455 
65 10.2390081882 -72.8579940796 -70.4254684448 -32.8654708862 -25.1420834414 3 -17.9857882359 -8.44829657644 0.883508205517 17.588019222 59.871094455 
66 10.428440094 -74.316619873 -71.8840942383 -34.3240966797 -26.0642191536 1 -17.9857898795 -8.44829734843 0.304457274372 17.588019222 59.871094455 
67 10.5746860504 -69.451713562 -67.0191879272 -29.4591903687 -28.864982572 2 -17.9857898795 -8.44829734843 0.304457274372 17.588019222 59.871094455 
68 10.7344820499 -67.0731201172 -64.6405944824 -27.0805969238 -26.3969952087 3 -17.9857887694 -8.44829682701 0.695557608477 17.588019222 59.871094455 
69 10.8829212189 -76.1697463989 -73.7372207642 -36.1772232056 -26.4296186731 1 -17.9857887694 -8.44829682701 0.695557608477 17.588019222 59.871094455 
70 11.0742611885 -69.4707183838 -67.038192749 -29.4781951904 -26.4343124199 2 -18.0542624615 -6.94780920826 0.680567840091 17.588004222 59.871098472 
71 11.2315981388 -70.4698562622 -68.0373306274 -30.4773330688 -28.3556112198 3 -18.0542624615 -6.94780920826 0.680567840091 17.588004222 59.871098472 
72 11.38905406 -68.2722625732 -65.8397369385 -28.2797393799 -26.8414808969 1 -18.0542628938 -6.9478093746 0.528851482965 17.588004222 59.871098472 
73 11.5350131989 -66.9463729858 -64.5138473511 -26.9538497925 -25.7505945445 2 -18.0542628938 -6.9478093746 0.528851482965 17.588004222 59.871098472 
74 11.7239072323 -76.9933929443 -74.5608673096 -37.000869751 -25.9982531394 3 -18.054262923 -6.94780938586 0.518584339174 17.588004222 59.871098472 
75 11.8724861145 -64.1773376465 -61.744808197 -24.1848144531 -23.6451839368 1 -18.054262923 -6.94780938586 0.518584339174 17.588004222 59.871098472 
76 12.0271542072 -70.8510055542 -68.4184799194 -30.8584823608 -24.0809361522 2 -18.0592833213 -5.49902821835 0.528951531497 17.587989578 59.871101816 
77 12.1873412132 -75.7943115234 -73.3617858887 -35.8017883301 -24.0767688299 3 -18.0592822383 -5.49902788859 0.908950647729 17.587989578 59.871101816 
78 12.37424016 -62.205291748 -59.7727622986 -22.2127685547 -22.1685486436 1 -18.0592822383 -5.49902788859 0.908950647729 17.587989578 59.871101816 
79 12.5201661587 -77.2723464966 -74.8398208618 -37.2798233032 -22.2065134992 2 -18.0592839224 -5.49902840139 0.31802587258 17.587989578 59.871101816 
80 12.6786282063 -75.4901428223 -73.0576171875 -35.4976196289 -22.2058900959 3 -18.0592839224 -5.49902840139 0.31802587258 17.587989578 59.871101816 
81 12.8290071487 -62.9597740173 -60.5272445679 -22.9672470093 -22.957517263 1 -18.0592829947 -5.49902811892 0.643529983863 17.587989578 59.871101816 
82 13.0185592175 -78.4230422974 -75.9905166626 -38.430519104 -22.9587379979 2 -17.9017204608 -4.07675535023 0.643528461931 17.587974774 59.871103677 
83 13.1745820045 -68.7653427124 -66.3328170776 -28.772819519 -22.8207063102 3 -17.9017202827 -4.07675530968 0.706557919432 17.587974774 59.871103677 
84 13.3269212246 -63.7774238586 -61.3448944092 -23.7848968506 -23.5745111192 1 -17.9017202827 -4.07675530968 0.706557919432 17.587974774 59.871103677 
85 13.4847002029 -70.0143814087 -67.5818557739 -30.0218582153 -23.467985074 2 -17.9017202671 -4.07675530611 0.71210838174 17.587974774 59.871103677 
86 13.6682071686 -65.7061462402 -63.2736167908 -25.7136230469 -22.9513201463 3 -17.9017191491 -4.07675505152 1.10784151154 17.587974774 59.871103677 
87 13.8203210831 -66.5408859253 -64.1083602905 -26.5483627319 -24.4152154726 1 -17.9017191491 -4.07675505152 1.10784151154 17.587974774 59.871103677 
88 13.9745061398 -68.9119110107 -66.479385376 -28.9193878174 -24.309217642 2 -17.9017184441 -4.07675489097 1.35738140986 17.587974774 59.871103677 
89 14.127120018 -64.5476760864 -62.115146637 -24.5551452637 -23.6269147043 3 -17.5174906665 -2.51560161135 1.35737952384 17.587957968 59.871103871 
90 14.3108332157 -73.3887634277 -70.956237793 -33.3962402344 -24.2496429449 1 -17.5174908282 -2.51560163457 1.29890277193 17.587957968 59.871103871 
91 14.4690561295 -71.040222168 -68.6076965332 -31.0476989746 -24.4136250177 2 -17.5174908282 -2.51560163457 1.29890277193 17.587957968 59.871103871 
92 14.6288142204 -65.5665969849 -63.1340675354 -25.5740661621 -25.3520226474 3 -17.5174913718 -2.51560171263 1.10225496809 17.587957968 59.871103871 
93 14.7765760422 -70.8160324097 -68.3835067749 -30.8235092163 -25.2339700141 1 -17.5174913718 -2.51560171263 1.10225496809 17.587957968 59.871103871 
94 14.9697051048 -69.7236633301 -67.2911376953 -29.7311401367 -25.112959055 2 -17.5174911996 -2.51560168792 1.16451803137 17.587957968 59.871103871 
95 15.1193392277 -66.5304107666 -64.0978851318 -26.5378875732 -25.8562586731 3 -17.2330237365 -0.810854165666 1.16451680374 17.587939972 59.871105265 
96 15.2759251595 -71.5971603394 -69.1646347046 -31.604637146 -25.923905186 1 -17.2330248518 -0.810854218142 0.7544121205 17.587939972 59.871105265 
97 15.4337470531 -67.8799514771 -65.4474258423 -27.8874282837 -25.4714701988 2 -17.2330234368 -0.810854151562 1.27473410405 17.587939972 59.871105265 
98 15.5974140167 -66.3955230713 -63.9629936218 -26.4029998779 -25.3879354449 3 -17.2330234368 -0.810854151562 1.27473410405 17.587939972 59.871105265 
99 15.7328572273 -65.2781677246 -62.8456382751 -25.2856445312 -23.8924365369 1 -17.2330247018 -0.810854211083 0.809581051042 17.587939972 59.871105265 
100 15.8907990456 -70.9736862183 -68.5411605835 -30.9811630249 -24.1715991633 2 -17.2330247018 -0.810854211083 0.809581051042 17.587939972 59.871105265 
101 16.0437781811 -68.8386917114 -66.4061660767 -28.8461685181 -24.7723870765 3 -17.0863654436 0.903178819174 1.17813965533 17.587922245 59.871107886 
102 16.1952881813 -64.1943206787 -61.7617912292 -24.2017974854 -23.8760227425 1 -17.0863654436 0.903178819174 1.17813965533 17.587922245 59.871107886 
103 16.3595600128 -77.6391143799 -75.2065887451 -37.6465911865 -23.9560149853 2 -17.086366836 0.903178892775 0.661749828244 17.587922245 59.871107886 
104 16.5129711628 -71.5600738525 -69.1275482178 -31.5675506592 -24.1256566926 3 -17.086366836 0.903178892775 0.661749828244 17.587922245 59.871107886 
105 16.674036026 -67.0530090332 -64.6204833984 -27.0604858398 -26.789109975 1 -17.0863656454 0.903178829839 1.10331645356 17.587922245 59.871107886 
106 16.8316521645 -74.7012863159 -72.2687606812 -34.7087631226 -26.7475399461 2 -17.0863656454 0.903178829839 1.10331645356 17.587922245 59.871107886 
107 16.9897060394 -74.9725646973 -72.5400390625 -34.9800415039 -26.9429840289 3 -16.7703950938 2.44226672749 0.928680294489 17.587905842 59.871108627 
108 17.1354520321 -65.4859695435 -63.053440094 -25.4934387207 -25.4355443942 1 -16.7703950938 2.44226672749 0.928680294489 17.587905842 59.871108627 
109 17.2937290668 -76.3776931763 -73.9451675415 -36.3851699829 -25.4519300772 2 -16.7703944572 2.44226663479 1.16920467607 17.587905842 59.871108627 
110 17.4795260429 -71.9337463379 -69.5012207031 -31.9412231445 -25.3710706551 3 -16.7703957212 2.44226681886 0.691621003276 17.587905842 59.871108627 
111 17.6365921497 -64.7007217407 -62.2681922913 -24.708190918 -24.6222324626 1 -16.7703957212 2.44226681886 0.691621003276 17.587905842 59.871108627 
112 17.7856152058 -70.743309021 -68.3107833862 -30.7507858276 -24.5059114656 2 -16.7703952512 2.44226675041 0.869212094251 17.587905842 59.871108627 
113 17.9398541451 -75.0805435181 -72.6480178833 -35.0880203247 -24.5607335146 3 -16.7703952512 2.44226675041 0.869212094251 17.587905842 59.871108627 
114 18.1231811047 -63.8522033691 -61.4196739197 -23.8596801758 -23.7588316094 1 -16.1460513502 3.93626744981 0.77773876205 17.587889083 59.871106567 
115 18.2623121738 -74.4150390625 -71.9825134277 -34.4225158691 -23.8307831584 2 -16.1460513502 3.93626744981 0.77773876205 17.587889083 59.871106567 
116 18.4109141827 -69.1099853516 -66.6774597168 -29.1174621582 -23.6595914738 3 -16.1460501262 3.93626715142 1.25810782655 17.587889083 59.871106567 
117 18.5737271309 -65.7095184326 -63.2769889832 -25.7169952393 -25.2727096055 1 -16.1460501262 3.93626715142 1.25810782655 17.587889083 59.871106567 
118 18.7300331593 -65.8673400879 -63.4348106384 -25.8748168945 -24.0661611612 2 -16.1460507493 3.93626730331 1.01358838213 17.587889083 59.871106567 
119 18.8774411678 -72.6820297241 -70.2495040894 -32.6895065308 -24.2444253194 3 -16.1460507493 3.93626730331 1.01358838213 17.587889083 59.871106567 
120 19.035790205 -69.6948547363 -67.2623291016 -29.702331543 -25.4520261227 1 -15.5843248762 5.54620363988 0.945670763749 17.587871316 59.871105319 
121 19.1947410107 -64.1921005249 -61.7595710754 -24.1995697021 -23.9938361468 2 -15.5843248762 5.54620363988 0.945670763749 17.587871316 59.871105319 
122 19.352460146 -69.929473877 -67.4969482422 -29.9369506836 -23.8950629001 3 -15.5843250742 5.54620371035 0.865153743419 17.587871316 59.871105319 
123 19.5053532124 -74.6084747314 -72.1759490967 -34.6159515381 -24.0335322909 1 -15.5843250742 5.54620371035 0.865153743419 17.587871316 59.871105319 
124 19.66406703 -67.2702026367 -64.837677002 -27.2776794434 -26.6618010979 2 -15.5843256689 5.54620392201 0.623322837682 17.587871316 59.871105319 
125 19.818267107 -66.5417404175 -64.1092147827 -26.5492172241 -25.3472684104 3 -15.5843256462 5.54620391392 0.632570332399 17.587871316 59.871105319 
126 19.9757862091 -70.2665176392 -67.8339920044 -30.2739944458 -25.1612765308 1 -15.0078892235 7.01333586257 0.632570395515 17.587854955 59.871103617 
127 20.142840147 -65.1333312988 -62.7008018494 -25.1408081055 -24.0974864418 2 -15.0078887731 7.01333565212 0.822723709711 17.587854955 59.871103617 
128 20.3067121506 -74.7108688354 -72.2783432007 -34.7183456421 -24.9216427641 3 -15.0078887731 7.01333565212 0.822723709711 17.587854955 59.871103617 
129 20.4552512169 -64.3517913818 -61.9192619324 -24.3592681885 -23.1991015776 1 -15.0078902127 7.01333632483 0.214900749687 17.587854955 59.871103617 
130 20.6109471321 -68.8573226929 -66.4247970581 -28.8647994995 -24.0861107312 2 -15.0078902127 7.01333632483 0.214900749687 17.587854955 59.871103617 
131 20.7920691967 -71.034614563 -68.6020889282 -31.0420913696 -24.0152896624 3 -15.0078899853 7.01333621859 0.310894234355 17.587854955 59.871103617 
132 20.9487020969 -63.9368095398 -61.5042800903 -23.9442825317 -23.6563599783 1 -15.0078899853 7.01333621859 0.310894234355 17.587854955 59.871103617 
133 21.104542017 -80.0381164551 -77.6055908203 -40.0455932617 -23.8619165043 2 -14.1563819202 8.55198787138 0.141946772625 17.587837146 59.871099671 
134 21.2623691559 -71.5144042969 -69.0818786621 -31.5218811035 -23.8777472794 3 -14.1563819202 8.55198787138 0.141946772625 17.587837146 59.871099671 
135 21.4123191833 -64.0738143921 -61.6412849426 -24.0812835693 -24.0104851675 1 -14.1563820572 8.55198795414 0.0806198540819 17.587837146 59.871099671 
136 21.5680191517 -79.1729812622 -76.7404556274 -39.1804580688 -24.009825419 2 -14.1563820572 8.55198795414 0.0806198540819 17.587837146 59.871099671 
137 21.7259740829 -70.908744812 -68.4762191772 -30.9162216187 -23.9879678144 3 -14.1563810991 8.55198737538 0.509468793219 17.587837146 59.871099671 
138 21.8418531418 -64.2850646973 -61.8525352478 -24.2925415039 -24.1899129341 1 -14.1563815574 8.55198765222 0.30433655907 17.587837146 59.871099671 
139 22.0640821457 -72.0016326904 -69.5691070557 -32.0091094971 -24.1335507829 2 -13.4278472041 10.1165233388 0.30434282342 17.587819399 59.87109686 
140 22.2049160004 -70.0250244141 -67.5924987793 -30.0325012207 -24.08608394 3 -13.4278465971 10.1165228815 0.590827724176 17.587819399 59.87109686 
141 22.3655600548 -66.60887146 -64.1763458252 -26.6163482666 -26.0619940542 1 -13.4278465971 10.1165228815 0.590827724176 17.587819399 59.87109686 
142 22.5134119987 -67.9706268311 -65.5381011963 -27.9781036377 -25.4117138947 2 -13.4278467392 10.1165229885 0.523770315863 17.587819399 59.87109686 
143 22.6769771576 -70.0066223145 -67.5740966797 -30.0140991211 -25.4095143568 3 -13.4278467392 10.1165229885 0.523770315863 17.587819399 59.87109686 
144 22.8336880207 -70.8625793457 -68.4300537109 -30.8700561523 -26.883371517 1 -13.4278469089 10.1165231164 0.443689464415 17.587819399 59.87109686 
145 22.9787881374 -66.9111175537 -64.4785919189 -26.9185943604 -26.1841539174 2 -13.4278469089 10.1165231164 0.443689464415 17.587819399 59.87109686 
146 23.1399040222 -72.5763244629 -70.1437988281 -32.5838012695 -26.4590544942 3 -12.6863864818 11.748267845 0.942191269399 17.587800938 59.871094089 
147 23.2892482281 -65.7337036133 -63.3011741638 -25.7411804199 -24.6879031606 1 -12.6863864818 11.748267845 0.942191269399 17.587800938 59.871094089 
148 23.4451351166 -71.341835022 -68.9093093872 -31.3493118286 -25.4982385324 2 -12.6863872702 11.7482685752 0.548361965212 17.587800938 59.871094089 
149 23.5979111195 -71.2495117188 -68.816986084 -31.2569885254 -25.429340729 3 -12.6863872702 11.7482685752 0.548361965212 17.587800938 59.871094089 
150 23.7499041557 -64.5048980713 -62.0723686218 -24.5123748779 -24.3298399318 1 -12.6863868669 11.7482682016 0.74983100481 17.587800938 59.871094089 
151 23.9111051559 -77.1921463013 -74.7596206665 -37.1996231079 -24.4112309592 2 -12.6863878779 11.7482691379 0.244842435315 17.587800938 59.871094089 
152 24.0700311661 -72.7729949951 -70.3404693604 -32.7804718018 -24.4585385618 3 -12.0824118321 13.1245106677 0.244843955158 17.587785424 59.871091939 
153 24.2330172062 -65.7234344482 -63.2909049988 -25.7309112549 -25.6374150047 1 -12.0824115323 13.1245103421 0.402073405673 17.587785424 59.871091939 
154 24.3824760914 -79.9380111694 -77.5054855347 -39.9454879761 -25.6450177423 2 -12.0824115323 13.1245103421 0.402073405673 17.587785424 59.871091939 
155 24.548030138 -70.0145950317 -67.582069397 -30.0220718384 -25.4463160375 3 -12.0824112931 13.1245100822 0.527543081092 17.587785424 59.871091939 
156 24.6995670795 -64.865486145 -62.4329566956 -24.8729553223 -24.6772126906 1 -12.0824112931 13.1245100822 0.527543081092 17.587785424 59.871091939 
157 24.862375021 -85.9087677002 -83.4762420654 -45.9162445068 -24.6790098122 2 -12.0824115718 13.1245103849 0.381389482112 17.587785424 59.871091939 
158 25.0136032104 -72.1719436646 -69.7394180298 -32.1794204712 -24.7990248356 3 -11.3681038608 14.6914642938 0.381388125983 17.58776769 59.871089258 
159 25.2023200989 -64.8691253662 -62.4365959167 -24.8766021729 -24.8025495153 1 -11.3681038734 14.69146431 0.374389520491 17.58776769 59.871089258 
160 25.346255064 -71.9411239624 -69.5085983276 -31.948600769 -24.7233180619 2 -11.3681038734 14.69146431 0.374389520491 17.58776769 59.871089258 
161 25.5041060448 -68.8158874512 -66.3833618164 -28.8233642578 -24.4790039505 3 -11.3681034569 14.6914637718 0.606532323757 17.58776769 59.871089258 
162 25.6546721458 -65.58568573 -63.1531562805 -25.5931549072 -25.0579696459 1 -11.3681039442 14.6914644016 0.334899812089 17.58776769 59.871089258 
163 25.8149790764 -70.6067733765 -68.1742477417 -30.6142501831 -24.982149224 2 -11.3681039442 14.6914644016 0.334899812089 17.58776769 59.871089258 
164 25.9750220776 -69.1046066284 -66.6720809937 -29.1120834351 -25.0287434012 3 -11.3681039764 14.6914644432 0.316947659396 17.58776769 59.871089258 
165 26.1198661327 -67.8707046509 -65.4381790161 -27.8781814575 -26.5421139542 1 -10.3387465498 15.9544987103 0.31694894997 17.587752201 59.871083128 
166 26.2416241169 -68.0076370239 -65.5751113892 -28.0151138306 -25.8837847239 2 -10.3387465537 15.9544987163 0.314573995212 17.587752201 59.871083128 
167 26.461504221 -68.4694061279 -66.0368804932 -28.4768829346 -25.723037113 3 -10.3387465537 15.9544987163 0.314573995212 17.587752201 59.871083128 
168 26.604902029 -65.8150558472 -63.3825263977 -25.8225250244 -24.7234912831 1 -10.338746574 15.9544987477 0.302093070982 17.587752201 59.871083128 
169 26.7582821846 -75.3346328735 -72.9021072388 -35.3421096802 -25.2411380117 2 -10.338746574 15.9544987477 0.302093070982 17.587752201 59.871083128 
170 26.9173820019 -71.2315368652 -68.7990112305 -31.2390136719 -25.6254080114 3 -10.3387460888 15.9544979988 0.599537178916 17.587752201 59.871083128 
171 27.0938131809 -65.4441986084 -63.0116691589 -25.451675415 -25.284345143 1 -9.59217933797 16.8591005015 0.599538347806 17.587741083 59.871078656 
172 27.2497160435 -83.2775802612 -80.8450546265 -43.2850570679 -25.3050428962 2 -9.59217961035 16.8591009803 0.419597846696 17.587741083 59.871078656 
173 27.3959472179 -71.7005081177 -69.2679824829 -31.7079849243 -25.3326522762 3 -9.59217961035 16.8591009803 0.419597846696 17.587741083 59.871078656 
174 27.5509130955 -65.5943069458 -63.1617774963 -25.601776123 -25.4744796454 1 -9.59217951224 16.8591008078 0.484407593443 17.587741083 59.871078656 
175 27.738006115 -92.7968139648 -90.3642883301 -52.8042907715 -25.4750674653 2 -9.59217987865 16.8591014518 0.242354313776 17.587741083 59.871078656 
176 27.8963701725 -71.7078475952 -69.2753219604 -31.7153244019 -25.4754827916 3 -9.59217987865 16.8591014518 0.242354313776 17.587741083 59.871078656 
177 28.0417311192 -64.5527801514 -62.1202507019 -24.560256958 -24.4812183481 1 -8.80260346069 18.118131389 0.624372623725 17.587726266 59.871074615 
178 28.2042381763 -70.7981796265 -68.3656539917 -30.8056564331 -24.3663212585 2 -8.80260346069 18.118131389 0.624372623725 17.587726266 59.871074615 
179 28.3623511791 -71.7171936035 -69.2846679688 -31.7246704102 -24.3666374301 3 -8.80260362736 18.1181317321 0.504391303781 17.587726266 59.871074615 
180 28.5287060738 -68.527557373 -66.0950317383 -28.5350341797 -27.5394926146 1 -8.80260362736 18.1181317321 0.504391303781 17.587726266 59.871074615 
181 28.6824820042 -65.4331512451 -63.0006217957 -25.4406280518 -24.8778351743 2 -8.80260364035 18.1181317588 0.49504351063 17.587726266 59.871074615 
182 28.8509941101 -70.7977676392 -68.3652420044 -30.8052444458 -24.8294751368 3 -8.80260364035 18.1181317588 0.49504351063 17.587726266 59.871074615 
183 29.0163280964 -72.2948226929 -69.8622970581 -32.3022994995 -25.1810622233 1 -7.89534930348 19.4301504592 0.518718141576 17.587710603 59.871069665 
184 29.1711142063 -66.6059265137 -64.1734008789 -26.6134033203 -26.1853396786 2 -7.89534930348 19.4301504592 0.518718141576 17.587710603 59.871069665 
185 29.3246819973 -74.5041122437 -72.0715866089 -34.5115890503 -26.4081389466 3 -7.89535014015 19.4301525182 -0.152793427868 17.587710603 59.871069665 
186 29.4860880375 -65.0271682739 -62.5946388245 -25.0346374512 -24.1598967321 1 -7.89534981862 19.430151727 0.105266196976 17.587710603 59.871069665 
187 29.6738431454 -70.1387481689 -67.7062225342 -30.1462249756 -24.8124980554 2 -7.89534981862 19.430151727 0.105266196976 17.587710603 59.871069665 
188 29.8296251297 -75.3480224609 -72.9154968262 -35.3554992676 -24.8205448169 3 -7.89534908801 19.430149929 0.691657206148 17.587710603 59.871069665 
189 29.9823970795 -63.7956237793 -61.3630943298 -23.8031005859 -23.6791009157 1 -7.89534908801 19.430149929 0.691657206148 17.587710603 59.871069665 
190 30.1391000748 -75.5364074707 -73.1038818359 -35.5438842773 -23.7828309482 2 -7.0948151376 20.4819196795 0.166045420342 17.587697854 59.871065056 
191 30.3185360432 -71.7740325928 -69.341506958 -31.7815093994 -23.7392186914 3 -7.0948151376 20.4819196795 0.166045420342 17.587697854 59.871065056 
192 30.455078125 -64.2172927856 -61.7847633362 -24.2247619629 -24.1474302216 1 -7.09481427163 20.4819171795 0.939495287751 17.587697854 59.871065056 
193 30.611135006 -79.4916992188 -77.059173584 -39.4991760254 -24.1570192992 2 -7.09481427163 20.4819171795 0.939495287751 17.587697854 59.871065056 
194 30.7726261616 -72.8975448608 -70.4650192261 -32.9050216675 -24.1833701358 3 -7.09481513999 20.4819196864 0.163906805624 17.587697854 59.871065056 
195 30.9300420284 -64.8554000854 -62.422870636 -24.8628692627 -24.807517069 1 -7.09481513999 20.4819196864 0.163906805624 17.587697854 59.871065056 
196 31.0682311058 -82.3085250854 -79.8759994507 -42.3160018921 -24.8093366082 2 -7.09481546077 20.4819206124 -0.122596090491 17.587697854 59.871065056 
197 31.2214531898 -71.2051696777 -68.772644043 -31.2126464844 -24.7486006599 3 -6.44771894274 21.3025004061 0.500237655641 17.587687848 59.871061263 
198 31.4122462273 -64.8060150146 -62.3734855652 -24.8134918213 -24.7017272883 1 -6.44771894274 21.3025004061 0.500237655641 17.587687848 59.871061263 
199 31.5912280083 -83.0054855347 -80.5729598999 -43.0129623413 -24.7019061584 2 -6.44771917678 21.3025011794 0.270225066998 17.587687848 59.871061263 
200 31.7444550991 -70.5830993652 -68.1505737305 -30.5905761719 -24.6662762567 3 -6.44771917678 21.3025011794 0.270225066998 17.587687848 59.871061263 
201 31.9005432129 -64.3645553589 -61.9320259094 -24.3720245361 -24.2511536133 1 -6.44771904404 21.3025007408 0.400687486072 17.587687848 59.871061263 
202 32.0676751137 -71.779586792 -69.3470611572 -31.7870635986 -24.1850134905 2 -5.47655627377 22.1589151748 0.400689509124 17.587676626 59.871054716 
203 32.2285990715 -70.4764709473 -68.0439453125 -30.4839477539 -24.1793000799 3 -5.47655645199 22.1589158959 0.194470395007 17.587676626 59.871054716 
204 32.3803310394 -66.4994430542 -64.0669174194 -26.5069198608 -26.0257228462 1 -5.47655645199 22.1589158959 0.194470395007 17.587676626 59.871054716 
205 32.5388071537 -76.3338775635 -73.9013519287 -36.3413543701 -26.1641962792 2 -5.47655644705 22.1589158759 0.200182827089 17.587676626 59.871054716 
206 32.6892111301 -66.2199020386 -63.7873725891 -26.2273712158 -24.8465633581 3 -5.47655643616 22.1589158319 0.212785378728 17.587676626 59.871054716 
207 32.876543045 -66.9126739502 -64.4801483154 -26.9201507568 -25.0292005535 1 -5.47655643616 22.1589158319 0.212785378728 17.587676626 59.871054716 
208 33.0364022255 -76.1209182739 -73.6883926392 -36.1283950806 -25.0279781529 2 -4.41407811506 22.9709990814 0.207914561576 17.587665612 59.871047269 
209 33.1847581863 -64.9681396484 -62.535610199 -24.9756164551 -24.2229273705 3 -4.41407811506 22.9709990814 0.207914561576 17.587665612 59.871047269 
210 33.3412082195 -66.0258102417 -63.5932807922 -26.0332794189 -23.9276341683 1 -4.41407789023 22.9709979114 0.530667457207 17.587665612 59.871047269 
211 33.529335022 -73.5548171997 -71.1222915649 -33.5622940063 -23.9098947573 2 -4.41407789023 22.9709979114 0.530667457207 17.587665612 59.871047269 
212 33.6881821156 -66.9327697754 -64.5002441406 -26.940246582 -24.8941285081 3 -4.41407813867 22.9709992043 0.174020463095 17.587665612 59.871047269 
213 33.8349962234 -65.9738082886 -63.5412788391 -25.9812774658 -24.8632039205 1 -4.41407813867 22.9709992043 0.174020463095 17.587665612 59.871047269 
214 34.0047152042 -71.6949462891 -69.2624206543 -31.7024230957 -24.8102930764 2 -3.51091669982 23.5899001544 0.106233951111 17.587656972 59.871040776 
215 34.1600160599 -75.0985641479 -72.6660385132 -35.1060409546 -25.8007180286 3 -3.51091669982 23.5899001544 0.106233951111 17.587656972 59.871040776 
216 34.3177490234 -63.2875862122 -60.8550567627 -23.2950592041 -23.241089573 1 -3.510916577 23.5898993291 0.327913945395 17.587656972 59.871040776 
217 34.4700570107 -83.0398788452 -80.6073532104 -43.0473556519 -23.2854063006 2 -3.51091675761 23.5899005426 0.00193519448337 17.587656972 59.871040776 
218 34.6245560646 -72.0866165161 -69.6540908813 -32.0940933228 -23.2573917604 3 -3.51091675761 23.5899005426 0.00193519448337 17.587656972 59.871040776 
219 34.8187530041 -65.8289718628 -63.3964424133 -25.83644104 -25.7173040733 1 -3.51091666174 23.5898998985 0.174975169351 17.587656972 59.871040776 
220 34.9714000225 -76.3630371094 -73.9305114746 -36.370513916 -25.702026951 2 -3.51091666174 23.5898998985 0.174975169351 17.587656972 59.871040776 
221 35.1230602264 -69.3277816772 -66.8952560425 -29.3352584839 -25.4270871024 3 -2.66663363671 23.7819976766 0.197928865664 17.587652805 59.871033826 
222 35.2811300755 -67.4088134766 -64.9762878418 -27.4162902832 -26.6404752138 1 -2.66663363671 23.7819976766 0.197928865664 17.587652805 59.871033826 
223 35.4653470516 -73.1281814575 -70.6956558228 -33.1356582642 -26.5575934761 2 -2.66663355003 23.7819969035 0.403913943236 17.587652805 59.871033826 
224 35.6212000847 -68.3428039551 -65.9102783203 -28.3502807617 -26.2358315938 3 -2.66663369386 23.7819981863 0.0621123287066 17.587652805 59.871033826 
225 35.7655541897 -66.048789978 -63.6162605286 -26.0562591553 -25.3473268677 1 -2.66663369386 23.7819981863 0.0621123287066 17.587652805 59.871033826 
226 35.9265110493 -68.8334274292 -66.4009017944 -28.8409042358 -25.0018986192 2 -2.66663360883 23.781997428 0.264174244384 17.587652805 59.871033826 
227 36.0908191204 -71.9316329956 -69.4991073608 -31.9391098022 -25.4143104085 3 -1.7254129654 24.2872038459 0.264175833224 17.587645215 59.871026741 
228 36.2424550056 -66.8107681274 -64.3782424927 -26.8182449341 -25.9544123934 1 -1.72541298813 24.2872041659 0.180683674428 17.587645215 59.871026741 
229 36.4017050266 -76.0154647827 -73.5829391479 -36.0229415894 -26.5935691805 2 -1.72541298813 24.2872041659 0.180683674428 17.587645215 59.871026741 
230 36.5573711395 -73.1783905029 -70.7458648682 -33.1858673096 -26.676014404 3 -1.72541298023 24.2872040547 0.209701669369 17.587645215 59.871026741 
231 36.7400610447 -69.0427856445 -66.6102600098 -29.0502624512 -28.6739707907 1 -1.72541298023 24.2872040547 0.209701669369 17.587645215 59.871026741 
232 36.9005420208 -66.9243774414 -64.4918518066 -26.931854248 -26.1504560917 2 -1.72541300857 24.2872044536 0.105628736717 17.587645215 59.871026741 
233 37.0500950813 -77.8374481201 -75.4049224854 -37.8449249268 -26.2268841486 3 -0.71665948745 24.6874521729 0.105630090246 17.587638509 59.871018826 
234 37.2084259987 -74.2363510132 -71.8038253784 -34.2438278198 -26.8444956708 1 -0.716659481545 24.6874519695 0.157843119647 17.587638509 59.871018826 
235 37.3707001209 -67.6031188965 -65.1705932617 -27.6105957031 -27.492043446 2 -0.716659481545 24.6874519695 0.157843119647 17.587638509 59.871018826 
236 37.5251410007 -75.53175354 -73.0992279053 -35.5392303467 -27.4574064602 3 -0.71665948862 24.6874522132 0.0952811870045 17.587638509 59.871018826 
237 37.6774590015 -70.1074905396 -67.6749649048 -30.1149673462 -26.9725615764 1 -0.71665948862 24.6874522132 0.0952811870045 17.587638509 59.871018826 
238 37.8298580647 -69.6652374268 -67.232711792 -29.6727142334 -28.2986568979 2 -0.716659472075 24.6874516433 0.241572813753 17.587638509 59.871018826 
239 38.0139091015 -71.1782684326 -68.7457427979 -31.1857452393 -27.8509686462 3 -0.716659483616 24.6874520409 0.139527483909 17.587638509 59.871018826 
240 38.167869091 -65.6658401489 -63.2333106995 -25.6733093262 -25.2105622753 1 0.342601587451 25.0560675215 0.139528898959 17.58763199 59.871010397 
241 38.3217940331 -76.1075592041 -73.6750335693 -36.1150360107 -25.4918848477 2 0.342601595039 25.0560680765 -0.000828277408996 17.58763199 59.871010397 
242 38.4794621468 -72.9284362793 -70.4959106445 -32.9359130859 -25.5809816465 3 0.342601595039 25.0560680765 -0.000828277408996 17.58763199 59.871010397 
243 38.6371350288 -68.3359985352 -65.9034729004 -28.3434753418 -28.0427234612 1 0.342601574474 25.0560665725 0.379545527202 17.58763199 59.871010397 
244 38.7959451675 -67.6275100708 -65.194984436 -27.6349868774 -26.3481916122 2 0.342601574474 25.0560665725 0.379545527202 17.58763199 59.871010397 
245 38.9440541267 -69.6771621704 -67.2446365356 -29.6846389771 -26.0128367462 3 0.342601614074 25.0560694686 -0.352892303725 17.58763199 59.871010397 
246 39.1078660488 -71.2522659302 -68.8197402954 -31.2597427368 -26.6451488908 1 1.06456829782 24.915273758 -0.352892778706 17.587631513 59.871003759 
247 39.2656760216 -67.3043060303 -64.8717803955 -27.3117828369 -26.4347605308 2 1.06456821054 24.9152717153 0.166629209451 17.587631513 59.871003759 
248 39.4178271294 -77.1428604126 -74.7103347778 -37.1503372192 -26.9650979053 3 1.06456821054 24.9152717153 0.166629209451 17.587631513 59.871003759 
249 39.5701210499 -65.7379760742 -63.3054466248 -25.7454528809 -24.8775612904 1 1.06456819095 24.9152712569 0.283203664876 17.587631513 59.871003759 
250 39.7212321758 -77.1526947021 -74.7201690674 -37.1601715088 -25.7228810912 2 1.06456819095 24.9152712569 0.283203664876 17.587631513 59.871003759 
251 39.9092781544 -75.3196640015 -72.8871383667 -35.3271408081 -25.708128505 3 1.06456817023 24.915270772 0.406539053416 17.587631513 59.871003759 
252 40.0621170998 -65.2357559204 -62.8032264709 -25.2432250977 -25.2135553109 1 1.06456817023 24.915270772 0.406539053416 17.587631513 59.871003759 
253 40.2131612301 -82.8690948486 -80.4365692139 -42.8765716553 -25.2217938486 2 1.96528288486 24.782406601 0.254891395921 17.587630485 59.870995575 
254 40.3651230335 -75.2153320312 -72.7828063965 -35.2228088379 -25.2207759109 3 1.96528291618 24.782406996 0.153894826909 17.587630485 59.870995575 
255 40.5534901619 -67.6337280273 -65.2012023926 -27.641204834 -27.5741666339 1 1.96528291618 24.782406996 0.153894826909 17.587630485 59.870995575 
256 40.7084372044 -82.544708252 -80.1121826172 -42.5521850586 -27.5738622695 2 1.96528275774 24.782404998 0.664765564362 17.587630485 59.870995575 
257 40.8607151508 -76.0947570801 -73.6622314453 -36.1022338867 -27.5953195618 3 1.96528275774 24.782404998 0.664765564362 17.587630485 59.870995575 
258 41.0156371593 -65.463142395 -63.0306129456 -25.4706115723 -25.453611524 1 2.86926487643 24.5690225456 0.33624100051 17.587630263 59.870987179 
259 41.2023231983 -76.7006530762 -74.2681274414 -36.7081298828 -25.4422815422 2 2.86926487643 24.5690225456 0.33624100051 17.587630263 59.870987179 
260 41.3603920937 -76.9570007324 -74.5244750977 -36.9644775391 -25.4475391748 3 2.86926490353 24.5690227776 0.276409288513 17.587630263 59.870987179 
261 41.5165212154 -67.141456604 -64.7089309692 -27.1489334106 -27.0992638916 1 2.86926483065 24.5690221536 0.437347492908 17.587630263 59.870987179 
262 41.6639020443 -68.0450210571 -65.6124954224 -28.0524978638 -26.0347057064 2 2.86926483065 24.5690221536 0.437347492908 17.587630263 59.870987179 
263 41.8193352222 -72.5447845459 -70.1122589111 -32.5522613525 -25.9428715723 3 2.86926498862 24.5690235063 0.0884800732404 17.587630263 59.870987179 
264 41.9748311043 -73.2593536377 -70.8268280029 -33.2668304443 -27.6269241658 1 2.86926498862 24.5690235063 0.0884800732404 17.587630263 59.870987179 
265 42.1314091682 -66.6796722412 -64.2471466064 -26.6871490479 -26.4498938733 2 3.60193257492 24.0873961859 -0.192724898415 17.587633206 59.870979671 
266 42.2963740826 -71.5783843994 -69.1458587646 -31.5858612061 -26.3778368909 3 3.60193257492 24.0873961859 -0.192724898415 17.587633206 59.870979671 
267 42.4412531853 -75.7512130737 -73.318687439 -35.7586898804 -26.4408451714 1 3.60193224017 24.0873939473 0.396187883508 17.587633206 59.870979671 
268 42.6026060581 -67.5290527344 -65.0965270996 -27.536529541 -27.1815305688 2 3.60193224017 24.0873939473 0.396187883508 17.587633206 59.870979671 
269 42.7711381912 -72.9935455322 -70.5610198975 -33.0010223389 -27.3228283581 3 3.601932381 24.0873948891 0.148427302981 17.587633206 59.870979671 
270 42.921216011 -74.0235443115 -71.5910186768 -34.0310211182 -27.269238822 1 3.601932381 24.0873948891 0.148427302981 17.587633206 59.870979671 
271 43.1074881554 -68.0334320068 -65.6009063721 -28.0409088135 -27.7088365372 2 3.99095771039 23.3538154471 0.480037560871 17.587639603 59.870974596 
272 43.2630620003 -73.8479690552 -71.4154434204 -33.8554458618 -27.7714749131 3 3.99095771039 23.3538154471 0.480037560871 17.587639603 59.870974596 
273 43.423210144 -69.5735473633 -67.1410217285 -29.5810241699 -27.0742631165 1 3.99095778447 23.3538158806 0.362403579879 17.587639603 59.870974596 
274 43.5731091499 -72.0614776611 -69.6289520264 -32.0689544678 -28.7627364647 2 3.99095762836 23.3538149671 0.610284387236 17.587639603 59.870974596 
275 43.7619550228 -75.8765029907 -73.443977356 -35.8839797974 -28.8928775871 3 3.99095762836 23.3538149671 0.610284387236 17.587639603 59.870974596 
276 43.9198620319 -68.0207214355 -65.5881958008 -28.0281982422 -27.6644015423 1 3.9909578044 23.3538159972 0.330768822976 17.587639603 59.870974596 
277 44.0757381916 -75.6168136597 -73.1842880249 -35.6242904663 -27.9076226145 2 4.48927711672 23.0238339333 0.330767949206 17.587641629 59.870969484 
278 44.223072052 -73.6473388672 -71.2148132324 -33.6548156738 -27.8110184236 3 4.48927735663 23.0238351637 -0.00787419079415 17.587641629 59.870969484 
279 44.3855001926 -67.6848754883 -65.2523498535 -27.6923522949 -27.5049916052 1 4.48927735663 23.0238351637 -0.00787419079415 17.587641629 59.870969484 
280 44.5375080109 -75.436088562 -73.0035629272 -35.4435653687 -27.5005154118 2 4.4892772733 23.0238347363 0.109755077409 17.587641629 59.870969484 
281 44.6893751621 -67.0787582397 -64.646232605 -27.0862350464 -25.8368801854 3 4.4892772733 23.0238347363 0.109755077409 17.587641629 59.870969484 
282 44.8361301422 -65.3106918335 -62.878162384 -25.3181610107 -24.5076999879 1 4.48927734551 23.0238351067 0.00782494382849 17.587641629 59.870969484 
283 45.0249791145 -81.6430969238 -79.2105712891 -41.6505737305 -24.5210432311 2 4.48927717781 23.0238342466 0.244537001229 17.587641629 59.870969484 
284 45.1849811077 -67.361289978 -64.9287643433 -27.3687667847 -24.6039025934 3 4.1683914065 22.6441844571 0.244535414724 17.587646315 59.870971427 
285 45.3412811756 -66.1180496216 -63.6855201721 -26.1255187988 -25.1531166288 1 4.16839200677 22.644187718 -0.668001000712 17.587646315 59.870971427 
286 45.4990031719 -80.7975921631 -78.3650665283 -40.8050689697 -25.1525979921 2 4.16839200677 22.644187718 -0.668001000712 17.587646315 59.870971427 
287 45.6878840923 -71.8677062988 -69.4351806641 -31.8751831055 -25.9746166999 3 4.16839158654 22.6441854351 -0.0291540077138 17.587646315 59.870971427 
288 45.8384151459 -66.8887634277 -64.456237793 -26.8962402344 -26.6840965556 1 4.16839158654 22.6441854351 -0.0291540077138 17.587646315 59.870971427 
289 46.0093581676 -87.2579956055 -84.8254699707 -47.2654724121 -26.6871876791 2 4.20744379208 22.5659145266 0.270701160525 17.587647004 59.870970907 
290 46.1842141151 -74.7076644897 -72.275138855 -34.7151412964 -26.8375678845 3 4.20744375654 22.5659143359 0.324232776019 17.587647004 59.870970907 
291 46.3638441563 -67.4909591675 -65.0584335327 -27.4984359741 -27.4213419239 1 4.20744375654 22.5659143359 0.324232776019 17.587647004 59.870970907 
292 46.5178220272 -83.7847290039 -81.3522033691 -43.7922058105 -27.4204204279 2 4.20744376183 22.5659143643 0.316264191621 17.587647004 59.870970907 
293 46.6693022251 -76.798500061 -74.3659744263 -36.8059768677 -27.4675886277 3 4.20744376183 22.5659143643 0.316264191621 17.587647004 59.870970907 
294 46.8264610767 -67.5179672241 -65.0854415894 -27.5254440308 -27.4942133824 1 4.20744418115 22.5659166132 -0.315265999659 17.587647004 59.870970907 
295 46.9898841381 -86.760559082 -84.3280334473 -46.7680358887 -27.4951045998 2 4.20744418115 22.5659166132 -0.315265999659 17.587647004 59.870970907 
296 47.1473550797 -79.1138687134 -76.6813430786 -39.12134552 -27.5147496761 3 4.03013943936 22.810252974 0.375369736563 17.587644999 59.870973015 
297 47.2977130413 -67.1344299316 -64.7019042969 -27.1419067383 -27.1329402983 1 4.03013943936 22.810252974 0.375369736563 17.587644999 59.870973015 
298 47.4505372047 -78.6251754761 -76.1926498413 -38.6326522827 -27.1223385178 2 4.03013941834 22.810252855 0.408419266517 17.587644999 59.870973015 
299 47.6365001202 -79.4209899902 -76.9884643555 -39.4284667969 -27.123479483 3 4.03013941834 22.810252855 0.408419266517 17.587644999 59.870973015 
300 47.7895340919 -68.7177124023 -66.2851867676 -28.725189209 -28.6871569259 1 4.03013945344 22.8102530537 0.353230164824 17.587644999 59.870973015 
301 47.9433760643 -79.6167297363 -77.1842041016 -39.624206543 -28.6953349067 2 4.03013945344 22.8102530537 0.353230164824 17.587644999 59.870973015 
302 48.0968081951 -74.3133544922 -71.8808288574 -34.3208312988 -28.5528088319 3 4.09908700453 23.0233044236 0.0304759574489 17.587642662 59.870972897 
303 48.2799770832 -66.9856872559 -64.5531616211 -26.9931640625 -26.913826841 1 4.09908698415 23.0233043091 0.0619914776177 17.587642662 59.870972897 
304 48.4338099957 -80.8289031982 -78.3963775635 -40.8363800049 -26.9164946981 2 4.09908698415 23.0233043091 0.0619914776177 17.587642662 59.870972897 
305 48.5889151096 -73.2168121338 -70.784286499 -33.2242889404 -26.8698561778 3 4.09908688506 23.0233037525 0.215163254019 17.587642662 59.870972897 
306 48.7456421852 -66.0220870972 -63.5895576477 -26.0295562744 -25.9496387242 1 4.09908688506 23.0233037525 0.215163254019 17.587642662 59.870972897 
307 48.9270880222 -84.3100280762 -81.8775024414 -44.3175048828 -25.9514667818 2 4.09908652782 23.023301746 0.767423663992 17.587642662 59.870972897 
308 49.0811262131 -76.0763702393 -73.6438446045 -36.0838470459 -26.0080072942 3 4.09908652782 23.023301746 0.767423663992 17.58763947 59.870971395 
309 49.2350730896 -66.8717651367 -64.439239502 -26.8792419434 -26.8474485184 1 4.33676931816 23.2769409853 -0.0100829654419 17.58763947 59.870971395 
310 49.3860650063 -77.1184997559 -74.6859741211 -37.1259765625 -26.8291216144 2 4.33676919886 23.276940345 0.164243459368 17.58763947 59.870971395 
311 49.5734660625 -77.1768417358 -74.7443161011 -37.1843185425 -26.8413239749 3 4.33676919886 23.276940345 0.164243459368 17.58763947 59.870971395 
312 49.7319571972 -67.4804611206 -65.0479354858 -27.4879379272 -27.4378921563 1 4.33676903837 23.2769394836 0.398740412319 17.58763947 59.870971395 
313 49.8879270554 -71.6625137329 -69.2299880981 -31.6699905396 -27.1708127049 2 4.33676903837 23.2769394836 0.398740412319 17.58763947 59.870971395 
314 50.0413200855 -77.6156768799 -75.1831512451 -37.6231536865 -27.1747650119 3 4.34626345442 23.4257975402 0.581152490962 17.587637939 59.870971651 
315 50.2313210964 -67.6757507324 -65.2432250977 -27.6832275391 -27.3427828535 1 4.34626345442 23.4257975402 0.581152490962 17.587637939 59.870971651 
316 50.3845560551 -74.7881546021 -72.3556289673 -34.7956314087 -27.5812493629 2 4.34626384975 23.425799671 0.00477098874215 17.587637939 59.870971651 
317 50.5363490582 -72.3858261108 -69.9533004761 -32.3933029175 -27.3758025655 3 4.34626384975 23.425799671 0.00477098874215 17.587637939 59.870971651 
318 50.6940011978 -66.4479675293 -64.0154418945 -26.4554443359 -26.2754877659 1 4.34626355312 23.4257980722 0.437247156353 17.587637939 59.870971651 
319 50.8529551029 -67.7057647705 -65.2732391357 -27.7132415771 -25.40083925 2 4.34626355312 23.4257980722 0.437247156353 17.587637939 59.870971651 
320 51.0110042095 -75.5440444946 -73.1115188599 -35.5515213013 -25.4683678816 3 4.3276429547 23.3490013894 0.12390107125 17.587638765 59.870971639 
321 51.1581420898 -67.2770309448 -64.8445053101 -27.2845077515 -25.9568309791 1 4.3276429547 23.3490013894 0.12390107125 17.587638765 59.870971639 
322 51.350151062 -74.323677063 -71.8911514282 -34.3311538696 -27.1555683184 2 4.32764291445 23.3490011723 0.182843381257 17.587638765 59.870971639 
323 51.5360281467 -72.6848144531 -70.2522888184 -32.6922912598 -27.0348465266 3 4.32764283081 23.349000721 0.305311268708 17.587638765 59.870971639 
324 51.6899530888 -65.9557952881 -63.5232658386 -25.9632720947 -25.8238621709 1 4.32764283081 23.349000721 0.305311268708 17.587638765 59.870971639 
325 51.8388781548 -86.4221191406 -83.9895935059 -46.4295959473 -25.867311006 2 4.32764300175 23.3490016433 0.0550191757468 17.587638765 59.870971639 
326 51.9913721085 -73.4682769775 -71.0357513428 -33.4757537842 -25.8958791915 3 4.32764300175 23.3490016433 0.0550191757468 17.587638765 59.870971639 
327 52.1789410114 -65.7958450317 -63.3633155823 -25.803314209 -25.7406388688 1 4.321425144 23.2575088471 0.123040278751 17.587639707 59.870971485 
328 52.3308460712 -84.1824951172 -81.7499694824 -44.1899719238 -25.7403535049 2 4.321425144 23.2575088471 0.123040278751 17.587639707 59.870971485 
329 52.4914832115 -75.3361053467 -72.9035797119 -35.3435821533 -25.7761928599 3 4.3214251903 23.2575090963 0.0551419599237 17.587639707 59.870971485 
330 52.6370391846 -66.592048645 -64.1595230103 -26.5995254517 -26.5604989164 1 4.32142522802 23.2575092993 -0.000167218936423 17.587639707 59.870971485 
331 52.8297901154 -77.5365982056 -75.1040725708 -37.5440750122 -26.5473804706 2 4.32142522802 23.2575092993 -0.000167218936423 17.587639707 59.870971485 
332 52.9814090729 -77.8669204712 -75.4343948364 -37.8743972778 -26.5735539279 3 4.32142487672 23.2575074086 0.51496574454 17.587639707 59.870971485 
333 53.1352000237 -67.8024291992 -65.3699035645 -27.8099060059 -27.7647567565 1 4.33518993288 23.1132688462 0.51496522542 17.58764113 59.870971036 
334 53.2892510891 -77.9647369385 -75.5322113037 -37.9722137451 -27.7690624263 2 4.3351901295 23.1132698945 0.227558859252 17.58764113 59.870971036 
335 53.4763400555 -78.3481292725 -75.9156036377 -38.3556060791 -27.7731781433 3 4.3351901295 23.1132698945 0.227558859252 17.58764113 59.870971036 
336 53.6309552193 -67.8863372803 -65.4538116455 -27.8938140869 -27.855651885 1 4.33519030439 23.1132708268 -0.0280664601407 17.58764113 59.870971036 
337 53.7753090858 -76.9290237427 -74.4964981079 -36.9365005493 -27.843110296 2 4.33519030439 23.1132708268 -0.0280664601407 17.58764113 59.870971036 
338 53.9378921986 -78.4235687256 -75.9910430908 -38.4310455322 -27.8436959429 3 4.33519012567 23.113269874 0.233169308347 17.58764113 59.870971036 
339 54.1230430603 -67.5540466309 -65.1215209961 -27.5615234375 -27.5184466308 1 4.39530900665 23.1923122498 0.233169640044 17.587640172 59.87097069 
340 54.2722229958 -77.5449447632 -75.1124191284 -37.5524215698 -27.5254689254 2 4.39530898704 23.1923121463 0.261443159164 17.587640172 59.87097069 
341 54.4310112 -77.6092758179 -75.1767501831 -37.6167526245 -27.5189678379 3 4.39530888086 23.192311586 0.414527012092 17.587640172 59.87097069 
342 54.5838441849 -68.1716766357 -65.739151001 -28.1791534424 -28.1227772926 1 4.39530888086 23.192311586 0.414527012092 17.587640172 59.87097069 
343 54.7678251266 -77.8823013306 -75.4497756958 -37.8897781372 -28.1268442344 2 4.39530881571 23.1923112422 0.508455110447 17.587640172 59.87097069 
344 54.9231801033 -76.8379440308 -74.405418396 -36.8454208374 -28.1151625664 3 4.39530881571 23.1923112422 0.508455110447 17.587640172 59.87097069 
345 55.0737061501 -67.9814605713 -65.5489349365 -27.9889373779 -27.9302416023 1 4.42103152742 23.2529283635 0.386132104351 17.587639491 59.870970603 
346 55.2302222252 -77.3077316284 -74.8752059937 -37.3152084351 -27.923550629 2 4.42103152742 23.2529283635 0.386132104351 17.587639491 59.870970603 
347 55.4111220837 -77.3671417236 -74.9346160889 -37.3746185303 -27.9312804794 3 4.4210311784 23.2529265278 0.886399791103 17.587639491 59.870970603 
348 55.5542020798 -68.1299591064 -65.6974334717 -28.1374359131 -28.0757555677 1 4.4210311784 23.2529265278 0.886399791103 17.587639491 59.870970603 
349 55.7068970203 -77.5320129395 -75.0994873047 -37.5394897461 -28.0787822723 2 4.4210315589 23.2529285291 0.341018120314 17.587639491 59.870970603 
350 55.8640501499 -76.1169052124 -73.6843795776 -36.124382019 -28.0555279776 3 4.4210315589 23.2529285291 0.341018120314 17.587639491 59.870970603 
351 56.0203630924 -68.6601715088 -66.227645874 -28.6676483154 -28.5636225557 1 4.43464975954 23.2723156442 0.236755911909 17.587639259 59.870970528 
352 56.178399086 -78.3039779663 -75.8714523315 -38.3114547729 -28.5740590702 2 4.43464975954 23.2723156442 0.236755911909 17.587639259 59.870970528 
353 56.3362882137 -75.9521255493 -73.5195999146 -35.959602356 -28.5687759224 3 4.43464971587 23.2723154151 0.299159856193 17.587639259 59.870970528 
354 56.4959480762 -68.395942688 -65.9634170532 -28.4034194946 -28.3156492224 1 4.43464946072 23.2723140761 0.663749944795 17.587639259 59.870970528 
355 56.6796970367 -77.8983764648 -75.4658508301 -37.9058532715 -28.3111856425 2 4.43464946072 23.2723140761 0.663749944795 17.587639259 59.870970528 
356 56.8402180672 -76.1551437378 -73.722618103 -36.1626205444 -28.31691731 3 4.43464940552 23.2723137864 0.742629745832 17.587639259 59.870970528 
357 56.9952960014 -68.5310745239 -66.0985488892 -28.5385513306 -28.4466110324 1 4.43464940552 23.2723137864 0.742629745832 17.587639259 59.870970528 
358 57.1532080173 -77.8737640381 -75.4412384033 -37.8812408447 -28.4462935367 2 4.45238417349 23.3136605134 0.491727472591 17.587638794 59.870970467 
359 57.3383831978 -75.8677978516 -73.4352722168 -35.8752746582 -28.4375172044 3 4.45238417349 23.3136605134 0.491727472591 17.587638794 59.870970467 
360 57.4909892082 -68.4330368042 -66.0005111694 -28.4405136108 -28.3438417492 1 4.45238435658 23.3136614722 0.231141062324 17.587638794 59.870970467 
361 57.6517560482 -77.935546875 -75.5030212402 -37.9430236816 -28.344595625 2 4.45238446073 23.3136620175 0.0829152671195 17.587638794 59.870970467 
362 57.8074691296 -76.01197052 -73.5794448853 -36.0194473267 -28.3489491888 3 4.45238446073 23.3136620175 0.0829152671195 17.587638794 59.870970467 
363 57.9647650719 -68.5796661377 -66.1471405029 -28.5871429443 -28.4893240758 1 4.4523843143 23.3136612508 0.291311602233 17.587638794 59.870970467 
364 58.1189100742 -78.3853378296 -75.9528121948 -38.3928146362 -28.4945551493 2 4.47249636793 23.2978493031 0.291311558366 17.587638901 59.870970255 
365 58.2703781128 -76.1258773804 -73.6933517456 -36.133354187 -28.4980271332 3 4.47249625215 23.2978486999 0.455359035871 17.587638901 59.870970255 
366 58.4215810299 -67.9888763428 -65.556350708 -27.9963531494 -27.9281351152 1 4.47249625215 23.2978486999 0.455359035871 17.587638901 59.870970255 
367 58.6083011627 -79.6300506592 -77.1975250244 -39.6375274658 -27.9357973857 2 4.47249605161 23.2978476553 0.739492119161 17.587638901 59.870970255 
368 58.7644951344 -76.3340988159 -73.9015731812 -36.3415756226 -27.9403558029 3 4.47249605161 23.2978476553 0.739492119161 17.587638901 59.870970255 
369 58.917509079 -67.9475402832 -65.5150146484 -27.9550170898 -27.9000623769 1 4.47249642306 23.2978495902 0.213211004767 17.587638901 59.870970255 
370 59.0730781555 -78.6609115601 -76.2283859253 -38.6683883667 -27.894581409 2 4.46339139138 23.2567272116 0.525608606967 17.587639341 59.870970241 
371 59.257568121 -76.9865646362 -74.5540390015 -36.9940414429 -27.9061345385 3 4.46339139138 23.2567272116 0.525608606967 17.587639341 59.870970241 
372 59.415897131 -68.1501464844 -65.7176208496 -28.157623291 -28.104018815 1 4.46339146481 23.2567275943 0.421348554391 17.587639341 59.870970241 
373 59.5773801804 -78.3122711182 -75.8797454834 -38.3197479248 -28.1011044577 2 4.46339146481 23.2567275943 0.421348554391 17.587639341 59.870970241 
374 59.7398710251 -76.7810821533 -74.3485565186 -36.78855896 -28.0975190455 3 4.46339120009 23.2567262149 0.797181747061 17.587639341 59.870970241 
375 59.9196050167 -68.2936477661 -65.8611221313 -28.3011245728 -28.2369742466 1 4.46339120009 23.2567262149 0.797181747061 17.587639341 59.870970241 
