Nr Etime Raw dBm dBmW/m2 sum:dBmW/m2 loop X Y Z 
1 0 -65.0737533569 -62.6412239075 -25.0812225342 -22.8093842274 2 4.97148227754 23.3277817716 0.58009774857 17.587637284 59.870965957 
2 0.0351738929749 -64.9823913574 -62.549861908 -24.9898681641 -22.8149674569 2 4.91810616727 23.3593698869 0.580097822885 17.587637105 59.870966496 
3 0.13392496109 -64.974899292 -62.5423698425 -24.9823760986 -22.6317533101 2 4.91810616727 23.3593698869 0.580097822885 17.587637105 59.870966496 
4 0.33663892746 -65.5765686035 -63.1440391541 -25.5840454102 -22.7821225094 2 4.91810579022 23.359368096 1.06591728366 17.587637105 59.870966496 
5 0.496906995773 -64.6894454956 -62.2569160461 -24.6969146729 -22.6715194976 2 4.91810588316 23.3593685374 0.946167239431 17.587637105 59.870966496 
6 0.647269010544 -64.6391067505 -62.206577301 -24.6465759277 -22.5497091214 2 4.91810588316 23.3593685374 0.946167239431 17.587637105 59.870966496 
7 0.798929929733 -64.4160842896 -61.9835548401 -24.4235534668 -22.2001241607 2 4.91810603375 23.3593692527 0.75213825205 17.587637105 59.870966496 
8 0.987509012222 -64.8533935547 -62.4208641052 -24.8608703613 -22.2507212883 2 4.62797054908 23.7840155939 0.752139613177 17.587633573 59.870970002 
9 1.13242101669 -64.3250350952 -61.8925056458 -24.3325042725 -22.1414096398 2 4.6279705128 23.7840154074 0.801814434826 17.587633573 59.870970002 
10 1.28784990311 -64.6897201538 -62.2571907043 -24.6971893311 -22.233203801 2 4.6279705128 23.7840154074 0.801814434826 17.587633573 59.870970002 
11 1.44426488876 -65.0061187744 -62.573589325 -25.0135955811 -22.2776289998 2 4.62797055253 23.7840156116 0.74742165345 17.587633573 59.870970002 
12 1.63054609299 -65.4429779053 -63.0104484558 -25.4504547119 -22.6464340722 2 4.62797056411 23.7840156711 0.731564823466 17.587633573 59.870970002 
13 1.78091096878 -65.0866241455 -62.654094696 -25.0941009521 -22.7923024646 2 4.62797056411 23.7840156711 0.731564823466 17.587633573 59.870970002 
14 1.94694399834 -65.2634735107 -62.8309440613 -25.2709503174 -22.8813593418 2 4.05106470822 24.2050300397 0.809488627943 17.587630833 59.870976009 
15 2.09616708755 -65.1764755249 -62.7439460754 -25.1839447021 -22.7961919358 2 4.05106470822 24.2050300397 0.809488627943 17.587630833 59.870976009 
16 2.28184890747 -65.4335784912 -63.0010490417 -25.4410552979 -22.9104353614 2 4.05106466151 24.2050297606 0.882560336595 17.587630833 59.870976009 
17 2.42033100128 -64.8070602417 -62.3745307922 -24.8145294189 -22.7455760228 2 4.05106466151 24.2050297606 0.882560336595 17.587630833 59.870976009 
18 2.58791708946 -64.7852554321 -62.3527259827 -24.7927246094 -22.6104092815 2 4.05106449536 24.2050287679 1.14244584125 17.587630833 59.870976009 
19 2.73458790779 -64.9179382324 -62.485408783 -24.9254150391 -22.457844011 2 4.05106449536 24.2050287679 1.14244584125 17.587630833 59.870976009 
20 2.92334794998 -65.1552200317 -62.7226905823 -25.162689209 -22.5693224254 2 3.16825923892 24.5129308049 0.936771864808 17.587630043 59.870984435 
21 3.07928299904 -64.4261932373 -61.9936637878 -24.4336700439 -22.4334224925 2 3.16825923892 24.5129308049 0.936771864808 17.587630043 59.870984435 
22 3.23798894882 -64.4944076538 -62.0618782043 -24.5018768311 -22.2898408795 2 3.16825909836 24.5129297174 1.21789808028 17.587630043 59.870984435 
23 3.38713502884 -64.2188568115 -61.7863273621 -24.2263336182 -21.9984968627 2 3.16825938357 24.5129319241 0.647459686773 17.587630043 59.870984435 
24 3.57264304161 -64.2527389526 -61.8202095032 -24.2602081299 -21.9404454121 2 3.16825938357 24.5129319241 0.647459686773 17.587630043 59.870984435 
25 3.7280819416 -64.2330780029 -61.8005485535 -24.2405548096 -21.8567148504 2 3.16825925312 24.5129309148 0.908364638585 17.587630043 59.870984435 
26 3.88350605965 -64.6229400635 -62.190410614 -24.6304168701 -21.9841975093 2 3.16825925312 24.5129309148 0.908364638585 17.587630043 59.870984435 
27 4.04149889946 -64.8286895752 -62.3961601257 -24.8361663818 -22.1692252128 2 2.32768770307 24.7249312583 0.748892833239 17.587630112 59.870992273 
28 4.22907805443 -64.6691436768 -62.2366142273 -24.6766204834 -22.3270200702 2 2.32768770307 24.7249312583 0.748892833239 17.587630112 59.870992273 
29 4.38649606705 -64.8874893188 -62.4549598694 -24.8949584961 -22.4150028338 2 2.32768768693 24.724931087 0.792811176851 17.587630112 59.870992273 
30 4.52771306038 -65.1002883911 -62.6677589417 -25.1077575684 -22.5003749648 2 2.32768768693 24.724931087 0.792811176851 17.587630112 59.870992273 
31 4.68909692764 -65.0011520386 -62.5686225891 -25.0086212158 -22.6164307173 2 2.32768782995 24.7249326061 0.403458586718 17.587630112 59.870992273 
32 4.871778965 -65.3707962036 -62.9382667542 -25.3782653809 -22.7737266271 2 2.32768782995 24.7249326061 0.403458586718 17.587630112 59.870992273 
33 5.02264690399 -65.5922927856 -63.1597633362 -25.5997619629 -22.9294560989 2 1.27479488109 24.7574512702 -0.0414896106911 17.587632556 59.87100156 
34 5.18015098572 -65.759223938 -63.3266944885 -25.7666931152 -23.1901187999 2 1.27479482436 24.7574501684 0.240524788569 17.587632556 59.87100156 
35 5.33931207657 -65.7310333252 -63.2985038757 -25.7385101318 -23.314814563 2 1.27479482436 24.7574501684 0.240524788569 17.587632556 59.87100156 
36 5.5207760334 -66.1046981812 -63.6721687317 -26.1121673584 -23.4803294956 2 1.27479479361 24.7574495713 0.393345977847 17.587632556 59.87100156 
37 5.6761610508 -66.5261688232 -64.0936431885 -26.5336456299 -23.7183649477 2 1.27479479361 24.7574495713 0.393345977847 17.587632556 59.87100156 
38 5.82724809647 -66.288192749 -63.8556632996 -26.2956695557 -23.9213997304 2 1.27479473212 24.757448377 0.699047718469 17.587632556 59.87100156 
39 5.98784589767 -65.9533538818 -63.5208244324 -25.9608306885 -23.8649893595 2 0.212545045437 24.6657816302 0.699047236964 17.587636281 59.871010646 
40 6.17275595665 -66.6277770996 -64.1952514648 -26.6352539062 -23.8942307134 2 0.212545059713 24.6657832869 0.273440058677 17.587636281 59.871010646 
41 6.31964302063 -66.47605896 -64.0435333252 -26.4835357666 -23.9546164407 2 0.212545074708 24.665785027 -0.173615551452 17.587636281 59.871010646 
42 6.47594094276 -66.3552932739 -63.9227638245 -26.3627624512 -24.1053903685 2 0.212545074708 24.665785027 -0.173615551452 17.587636281 59.871010646 
43 6.66121292114 -65.7724685669 -63.3399391174 -25.7799377441 -23.8008273058 2 0.212545058876 24.6657831898 0.298377604094 17.587636281 59.871010646 
44 6.85184407234 -66.2088165283 -63.7762870789 -26.216293335 -23.7196895539 2 0.212545058876 24.6657831898 0.298377604094 17.587636281 59.871010646 
45 7.00009298325 -65.9898147583 -63.5572853088 -25.9972839355 -23.60493199 2 -0.905867991077 24.4663672688 0.449476035753 17.587641244 59.871019978 
46 7.15579104424 -65.358581543 -62.9260520935 -25.3660583496 -23.4436128176 2 -0.905867991077 24.4663672688 0.449476035753 17.587641244 59.871019978 
47 7.31285500526 -64.7707748413 -62.3382453918 -24.7782440186 -22.9384256639 2 -0.905867949571 24.4663661477 0.739824420257 17.587641244 59.871019978 
48 7.4912788868 -65.3637466431 -62.9312171936 -25.3712158203 -22.7678977322 2 -0.905867949571 24.4663661477 0.739824420257 17.587641244 59.871019978 
49 7.64348387718 -65.1246337891 -62.6921043396 -25.1321105957 -22.694491946 2 -0.905868040458 24.4663686025 0.104040187751 17.587641244 59.871019978 
50 7.80071306229 -64.7484741211 -62.3159446716 -24.7559509277 -22.6859256284 2 -0.905868040458 24.4663686025 0.104040187751 17.587641244 59.871019978 
51 7.95614886284 -64.4178009033 -61.9852714539 -24.42527771 -22.366415736 2 -2.00658951523 23.9986297099 0.536268661416 17.587648875 59.871028544 
52 8.14427399635 -64.7196578979 -62.2871284485 -24.7271270752 -22.2452843949 2 -2.00658966996 23.9986315605 0.0476056565931 17.587648875 59.871028544 
53 8.29170203209 -64.2678451538 -61.8353157043 -24.2753143311 -22.0822685552 2 -2.00658966996 23.9986315605 0.047605168375 17.587648875 59.871028544 
54 8.4473130703 -63.6771774292 -61.2446479797 -23.6846466064 -21.8012339798 2 -2.00658963989 23.9986312009 0.142564676297 17.587648875 59.871028544 
55 8.60892391205 -63.7376098633 -61.3050804138 -23.7450866699 -21.5003404949 2 -2.00658963989 23.9986312009 0.142564676297 17.587648875 59.871028544 
56 8.75879192352 -64.7647171021 -62.3321876526 -24.7721862793 -21.6277458828 2 -2.00658966958 23.998631556 0.0488037136996 17.587648875 59.871028544 
57 8.94496202469 -65.1675796509 -62.7350502014 -25.1750488281 -22.0922590504 2 -2.00658966958 23.998631556 0.0488037136996 17.587658632 59.871036948 
58 9.10026407242 -64.9639129639 -62.5313835144 -24.9713897705 -22.5810465933 2 -3.1412052048 23.3295746707 0.0667574499316 17.587658632 59.871036948 
59 9.24692606926 -65.3982315063 -62.9657020569 -25.4057006836 -22.7912130371 2 -3.1412052048 23.3295746707 0.0667574499316 17.587658632 59.871036948 
60 9.40576386452 -65.6252593994 -63.19272995 -25.6327362061 -22.9334399242 2 -3.14120499832 23.3295731372 0.483285780402 17.587658632 59.871036948 
61 9.60337305069 -65.3471679688 -62.9146385193 -25.3546447754 -23.0754298501 2 -3.1412049502 23.3295727798 0.580356912217 17.587658632 59.871036948 
62 9.75172996521 -64.7476425171 -62.3151130676 -24.7551116943 -22.8304094937 2 -3.1412049502 23.3295727798 0.580356912217 17.587658632 59.871036948 
63 9.9089550972 -65.1800231934 -62.7474937439 -25.1875 -22.6985366945 2 -3.14120511125 23.3295739759 0.255479769734 17.587658632 59.871036948 
64 10.0598518848 -65.3905944824 -62.958065033 -25.3980712891 -22.711226832 2 -4.17714449823 22.6927521102 0.255478055932 17.587667803 59.871044562 
65 10.2571129799 -65.4568252563 -63.0242958069 -25.4642944336 -22.9611118376 2 -4.17714440711 22.6927516152 0.39370723676 17.587667803 59.871044562 
66 10.4094069004 -65.3152084351 -62.8826789856 -25.3226776123 -23.0086369711 2 -4.17714440711 22.6927516152 0.39370723676 17.587667803 59.871044562 
67 10.5670158863 -65.3477172852 -62.9151878357 -25.3551940918 -22.9942755517 2 -4.17714451097 22.6927521794 0.236150827775 17.587667803 59.871044562 
68 10.7172379494 -64.9556655884 -62.5231361389 -24.9631347656 -22.82066542 2 -4.17714459368 22.6927526287 0.110679050163 17.587667803 59.871044562 
69 10.9050378799 -64.6574478149 -62.2249183655 -24.6649169922 -22.5905801044 2 -4.17714459368 22.6927526287 0.110679050163 17.587667803 59.871044562 
70 11.0608329773 -64.3208389282 -61.8883094788 -24.3283081055 -22.2510111522 2 -5.1822586193 21.9842495439 0.372620945987 17.587677618 59.871051743 
71 11.213586092 -64.6711196899 -62.2385902405 -24.6785888672 -22.1655210541 2 -5.1822586193 21.9842495439 0.372620945987 17.587677618 59.871051743 
72 11.3726539612 -64.7685165405 -62.3359870911 -24.7759857178 -22.2000434345 2 -5.18225851312 21.9842490935 0.502454373165 17.587677618 59.871051743 
73 11.5534660816 -64.5189208984 -62.086391449 -24.5263977051 -22.2722794755 2 -5.18225851312 21.9842490935 0.502454373165 17.587677618 59.871051743 
74 11.7060599327 -64.3333129883 -61.9007835388 -24.3407897949 -22.1548391257 2 -5.18225861645 21.9842495318 0.376101244831 17.587677618 59.871051743 
75 11.8598749638 -64.6525726318 -62.2200431824 -24.6600494385 -22.1195128517 2 -5.18225861645 21.9842495318 0.376101244831 17.587677618 59.871051743 
76 12.0180668831 -64.7799911499 -62.3474617004 -24.7874603271 -22.2022635704 2 -6.21479531605 21.1783088184 0.354494330448 17.587688491 59.871058942 
77 12.2001059055 -64.543258667 -62.1107292175 -24.5507354736 -22.2783242378 2 -6.21479531605 21.1783088184 0.354494330448 17.587688491 59.871058942 
78 12.3382129669 -64.7638168335 -62.331287384 -24.7712860107 -22.3148393618 2 -6.21479559943 21.1783097841 0.0655516738498 17.587688491 59.871058942 
79 12.4991939068 -65.0648498535 -62.6323204041 -25.0723266602 -22.402063132 2 -6.21479508566 21.1783080333 0.589415930023 17.587688491 59.871058942 
80 12.6510500908 -64.515838623 -62.0833091736 -24.5233154297 -22.3918289121 2 -6.21479508566 21.1783080333 0.589415930023 17.587688491 59.871058942 
81 12.834649086 -65.0585403442 -62.6260108948 -25.0660095215 -22.4859667192 2 -6.214795729 21.1783102256 -0.0665573451703 17.587688491 59.871058942 
82 12.975771904 -64.3694458008 -61.9369163513 -24.3769226074 -22.2501550267 2 -6.214795729 21.1783102256 -0.0665573451703 17.587688491 59.871058942 
83 13.127464056 -63.1313438416 -60.6988143921 -23.1388168335 -21.6586609094 2 -7.19775140637 20.4649283057 0.158240061634 17.587698297 59.871065918 
84 13.2764649391 -62.54737854 -60.1148490906 -22.5548553467 -20.8463936301 2 -7.19775140637 20.4649283057 0.158240061634 17.587698297 59.871065918 
85 13.4356319904 -62.4247436523 -59.9922142029 -22.432220459 -20.3018380685 2 -7.19775152674 20.464928648 0.0522616026902 17.587698297 59.871065918 
86 13.5984990597 -63.0040245056 -60.5714950562 -23.0114974976 -20.2666199475 2 -7.19775152674 20.464928648 0.0522616026902 17.587698297 59.871065918 
87 13.7599320412 -63.4916534424 -61.0591239929 -23.499130249 -20.5514683986 2 -7.19775097283 20.4649270731 0.539919650671 17.587698297 59.871065918 
88 13.9041960239 -63.5202026367 -61.0876731873 -23.5276794434 -20.9472669498 2 -7.19775097283 20.4649270731 0.539919650671 17.587698297 59.871065918 
89 14.0618839264 -63.1523590088 -60.7198295593 -23.1598358154 -21.0034052928 2 -8.2632867766 19.4808602849 0.317695252053 17.587711059 59.871073 
90 14.251527071 -62.7121162415 -60.279586792 -22.7195892334 -20.7249023793 2 -8.2632867766 19.4808602849 0.317695252053 17.587711059 59.871073 
91 14.4024469852 -63.1376991272 -60.7051696777 -23.1451721191 -20.6127941814 2 -8.26328700521 19.4808608239 0.14238296157 17.587711059 59.871073 
92 14.5512878895 -63.9337348938 -61.5012054443 -23.9412078857 -20.8259999824 2 -8.26328700521 19.4808608239 0.14238296157 17.587711059 59.871073 
93 14.7097640038 -64.1918258667 -61.7592964172 -24.1992950439 -21.3285034164 2 -8.26328693548 19.4808606595 0.195860454925 17.587711059 59.871073 
94 14.9023389816 -63.8694877625 -61.436958313 -23.8769607544 -21.615806164 2 -8.26328706523 19.4808609653 0.0963568345151 17.587711059 59.871073 
95 15.0519580841 -63.5203781128 -61.0878486633 -23.52784729 -21.4651162493 2 -9.24864694106 18.175237595 0.09635431661 17.587726863 59.871078648 
96 15.2017278671 -63.5814170837 -61.1488876343 -23.5888900757 -21.273703919 2 -9.24864598691 18.1752357199 0.750095520172 17.587726863 59.871078648 
97 15.3612189293 -63.4539031982 -61.0213737488 -23.4613800049 -21.1398083035 2 -9.24864598691 18.1752357199 0.750095520172 17.587726863 59.871078648 
98 15.5499579906 -63.2407112122 -60.8081817627 -23.2481842041 -21.0426364818 2 -9.24864684701 18.1752374102 0.160791609268 17.587726863 59.871078648 
99 15.7024729252 -63.6678276062 -61.2352981567 -23.6753005981 -21.0690203965 2 -9.24864684701 18.1752374102 0.160791609268 17.587726863 59.871078648 
100 15.8626360893 -63.8907546997 -61.4582252502 -23.898223877 -21.2046628635 2 -9.24864660788 18.1752369402 0.324631432885 17.587726863 59.871078648 
101 16.0413110256 -64.1102523804 -61.6777229309 -24.1177215576 -21.5039684457 2 -10.1114404491 16.7864071412 0.121238855047 17.587743186 59.871083034 
102 16.2335639 -65.045715332 -62.6131858826 -25.0531921387 -21.9160445122 2 -10.1114404491 16.7864071412 0.121238855047 17.587743186 59.871083034 
103 16.3856990337 -63.9932670593 -61.5607376099 -24.0007400513 -21.9566136548 2 -10.1114400381 16.7864064587 0.378843256724 17.587743186 59.871083034 
104 16.5401010513 -63.0686073303 -60.6360778809 -23.0760803223 -21.5114311402 2 -10.1114400381 16.7864064587 0.378843256724 17.587743186 59.871083034 
105 16.6960458755 -62.7976722717 -60.3651428223 -22.8051452637 -20.8510804551 2 -10.1114401032 16.7864065668 0.338040511564 17.587743186 59.871083034 
106 16.8759000301 -64.0095977783 -61.5770683289 -24.017074585 -20.8548992313 2 -10.1114401032 16.7864065668 0.338040511564 17.587743186 59.871083034 
107 17.0320980549 -64.5324707031 -62.0999412537 -24.5399475098 -21.2761233615 2 -10.9338746802 15.487199403 0.130601264737 17.587758496 59.871087271 
108 17.1821599007 -63.1634140015 -60.730884552 -23.1708831787 -21.4493075978 2 -10.9338743632 15.4871989539 0.314340780547 17.587758496 59.871087271 
109 17.3456718922 -62.5080299377 -60.0755004883 -22.5155029297 -20.8704198502 2 -10.9338743632 15.4871989539 0.314340780547 17.587758496 59.871087271 
110 17.515032053 -63.5593452454 -61.1268157959 -23.5668182373 -20.6549054136 2 -10.9338746943 15.4871994229 0.122421567384 17.587758496 59.871087271 
111 17.6722159386 -63.123966217 -60.6914367676 -23.131439209 -20.6424462491 2 -10.9338746943 15.4871994229 0.122421567384 17.587758496 59.871087271 
112 17.8165280819 -62.3603515625 -59.927822113 -22.3678283691 -20.5788876766 2 -10.933874836 15.4871996237 0.0402841841547 17.587758496 59.871087271 
113 17.9694778919 -61.7419815063 -59.3094520569 -21.7494506836 -19.9584784574 2 -11.7567386123 14.243851722 0.0402827402402 17.587773242 59.871091639 
114 18.1547939777 -62.1257972717 -59.6932678223 -22.1332702637 -19.6828098975 2 -11.7567387845 14.2438519307 -0.0525524987092 17.587773242 59.871091639 
115 18.3130249977 -62.1525230408 -59.7199935913 -22.1599960327 -19.6203788887 2 -11.7567387845 14.2438519307 -0.0525524987092 17.587773242 59.871091639 
116 18.4714260101 -62.2553825378 -59.8228530884 -22.2628555298 -19.7990527707 2 -11.7567383755 14.2438514352 0.167871299829 17.587773242 59.871091639 
117 18.6192400455 -62.1113510132 -59.6788215637 -22.1188201904 -19.7941099145 2 -11.7567383755 14.2438514352 0.167871299829 17.587773242 59.871091639 
118 18.8034660816 -62.0442810059 -59.6117515564 -22.0517578125 -19.7570959549 2 -11.7567373157 14.2438501512 0.739093058805 17.587773242 59.871091639 
119 18.9568359852 -61.364982605 -58.9324531555 -21.3724517822 -19.4350545794 2 -11.7567373157 14.2438501512 0.739093058805 17.587773242 59.871091639 
120 19.1070768833 -61.2759284973 -58.8433990479 -21.2834014893 -19.1575188522 2 -12.6714424634 12.6806309073 0.354230838021 17.587791466 59.871096082 
121 19.2591559887 -61.1522407532 -58.7197113037 -21.1597137451 -18.8844929839 2 -12.671441698 12.6806301413 0.736993112427 17.587791466 59.871096082 
122 19.4447960854 -61.5857124329 -59.1531829834 -21.5931854248 -18.9522807805 2 -12.671441698 12.6806301413 0.736993112427 17.587791466 59.871096082 
123 19.5977270603 -61.7854957581 -59.3529663086 -21.79296875 -19.11335442 2 -12.6714416666 12.6806301099 0.752679474325 17.587791466 59.871096082 
124 19.7547318935 -61.362197876 -58.9296684265 -21.3696746826 -19.1927795646 2 -12.6714416666 12.6806301099 0.752679474325 17.587791466 59.871096082 
125 19.9041690826 -61.3199462891 -58.8874168396 -21.3274230957 -19.1011440706 2 -12.6714426172 12.6806310612 0.277328503797 17.587809283 59.871098386 
126 20.0979609489 -60.95652771 -58.5239982605 -20.9640045166 -18.8269883775 2 -13.3473994898 11.0954893332 0.277326917421 17.587809283 59.871098386 
127 20.2342178822 -59.9636573792 -57.5311279297 -19.9711303711 -18.2903241644 2 -13.3473997827 11.0954895767 0.138270372377 17.587809283 59.871098386 
128 20.3925609589 -60.3346405029 -57.9021110535 -20.3421173096 -18.0023922291 2 -13.3473997827 11.0954895767 0.138270372377 17.587809283 59.871098386 
129 20.5422930717 -60.2731170654 -57.840587616 -20.2805938721 -17.8061816377 2 -13.3473979697 11.0954880696 0.998973235558 17.587809283 59.871098386 
130 20.7317199707 -60.7047920227 -58.2722625732 -20.7122650146 -18.0511836613 2 -13.3473985476 11.09548855 0.724605985917 17.587809283 59.871098386 
131 20.8690350056 -60.7200164795 -58.28748703 -20.7274932861 -18.1777521158 2 -13.3473985476 11.09548855 0.724605985917 17.587809283 59.871098386 
132 21.0217959881 -60.8308792114 -58.398349762 -20.8383483887 -18.373039826 2 -13.9093126572 9.42688829803 0.275216681163 17.587827644 59.871099502 
133 21.1731669903 -61.1296730042 -58.6971435547 -21.1371459961 -18.5085935907 2 -13.9093126572 9.42688829803 0.275216681163 17.587827644 59.871099502 
134 21.3618400097 -61.761516571 -59.3289871216 -21.768989563 -18.8288636886 2 -13.909312684 9.42688831623 0.262985518944 17.587827644 59.871099502 
135 21.4933180809 -60.9954566956 -58.5629272461 -21.0029296875 -18.892614966 2 -13.909312684 9.42688831623 0.262985518944 17.587827644 59.871099502 
136 21.6589369774 -60.5022201538 -58.0696907043 -20.5096893311 -18.648128394 2 -13.9093126098 9.42688826592 0.296803006154 17.587827644 59.871099502 
137 21.7991290092 -60.1547050476 -57.7221755981 -20.1621780396 -18.1456464056 2 -13.9093126098 9.42688826592 0.296803006154 17.587827644 59.871099502 
138 21.9926729202 -60.4676818848 -58.0351524353 -20.4751586914 -17.9910212613 2 -13.9093128655 9.42688843919 0.18033347301 17.587827644 59.871099502 
139 22.1205329895 -60.4044685364 -57.9719390869 -20.4119415283 -17.9598991602 2 -14.5847590892 7.67249113803 0.180332624744 17.587847172 59.871101416 
140 22.2734498978 -60.2025299072 -57.7700004578 -20.2100067139 -17.9771249809 2 -14.5847586967 7.67249093156 0.35086040915 17.587847172 59.871101416 
141 22.4298949242 -59.5926399231 -57.1601104736 -19.600112915 -17.660316235 2 -14.5847586967 7.67249093156 0.35086040915 17.587847172 59.871101416 
142 22.5849928856 -58.40366745 -55.9711380005 -18.4111404419 -16.8896429217 2 -14.584759557 7.67249138411 -0.0229082845436 17.587847172 59.871101416 
143 22.7643649578 -58.1795005798 -55.7469711304 -18.1869735718 -16.264705941 2 -14.5847586057 7.67249088367 0.390411653432 17.587847172 59.871101416 
144 22.9120669365 -58.221206665 -55.7886772156 -18.2286834717 -15.887831487 2 -14.5847586057 7.67249088367 0.390411653432 17.587847172 59.871101416 
145 23.0749809742 -58.3976860046 -55.9651565552 -18.4051589966 -15.8859584114 2 -15.069624154 5.97147715545 0.434685493514 17.587865658 59.871101784 
146 23.2691750526 -60.245929718 -57.8134002686 -20.25340271 -16.405416677 2 -15.069624154 5.97147715545 0.434685493514 17.587865658 59.871101784 
147 23.4225258827 -60.6348800659 -58.2023506165 -20.6423492432 -17.1483827515 2 -15.0696239663 5.97147708107 0.513621719381 17.587865658 59.871101784 
148 23.5793280602 -61.4794082642 -59.0468788147 -21.4868774414 -18.3499540767 2 -15.0696239663 5.97147708107 0.513621719381 17.587865658 59.871101784 
149 23.7684350014 -60.9260292053 -58.4934997559 -20.9335021973 -18.607683768 2 -15.069623652 5.97147695654 0.645772591385 17.587865658 59.871101784 
150 23.9229950905 -60.8689651489 -58.4364356995 -20.8764343262 -18.6964168351 2 -15.4885816828 4.11097057103 0.415618217934 17.587885584 59.871101212 
151 24.1064689159 -61.445514679 -59.0129852295 -21.4529876709 -18.6869886797 2 -15.4885816828 4.11097057103 0.415618217934 17.587885584 59.871101212 
152 24.2537429333 -61.7007408142 -59.2682113647 -21.7082138062 -18.9318517341 2 -15.4885818438 4.11097061375 0.349757591152 17.587885584 59.871101212 
153 24.4079508781 -61.6417579651 -59.2092285156 -21.649230957 -19.2151057393 2 -15.4885818438 4.11097061375 0.349757591152 17.587885584 59.871101212 
154 24.5717699528 -61.5681228638 -59.1355934143 -21.575592041 -19.25806089 2 -15.4885818183 4.11097060697 0.360214745396 17.587885584 59.871101212 
155 24.7507550716 -61.6252288818 -59.1926994324 -21.6327056885 -19.2333401575 2 -15.4885818183 4.11097060697 0.360214745396 17.587885584 59.871101212 
156 24.8778970242 -60.651714325 -58.2191848755 -20.6591873169 -18.8558226474 2 -15.488581702 4.11097057611 0.407775099395 17.587885584 59.871101212 
157 25.0358109474 -59.7208328247 -57.2883033752 -19.728302002 -18.1511924476 2 -16.0289234329 2.19596946426 0.407775489087 17.587906381 59.871101578 
158 25.1908459663 -59.6099853516 -57.1774559021 -19.6174621582 -17.568484126 2 -16.0289245156 2.19596961259 -0.0202702618416 17.587906381 59.871101578 
159 25.3754708767 -60.3602561951 -57.9277267456 -20.367729187 -17.4946088983 2 -16.0289245156 2.19596961259 -0.0202702618416 17.587906381 59.871101578 
160 25.5344529152 -59.555141449 -57.1226119995 -19.5626144409 -17.4339154371 2 -16.0289239048 2.19596952891 0.221208361595 17.587906381 59.871101578 
161 25.6811828613 -59.9362373352 -57.5037078857 -19.9437103271 -17.5476644302 2 -16.0289227385 2.19596936912 0.682291814969 17.587906381 59.871101578 
162 25.8345460892 -59.9497108459 -57.5171813965 -19.9571838379 -17.4277147297 2 -16.0289227385 2.19596936912 0.682291814969 17.587906381 59.871101578 
163 26.0274789333 -60.3501472473 -57.9176177979 -20.3576202393 -17.6922590776 2 -16.3481232853 0.464481727787 0.478699055219 17.587924739 59.871100427 
164 26.1713340282 -59.031211853 -56.5986824036 -19.0386810303 -17.3267093648 2 -16.3481232853 0.464481727787 0.478699055219 17.587924739 59.871100427 
165 26.3263030052 -59.322101593 -56.8895721436 -19.329574585 -17.1201493711 2 -16.3481245267 0.464481763056 -0.00246276399179 17.587924739 59.871100427 
166 26.4866368771 -59.8484191895 -57.41588974 -19.8558959961 -16.9966401219 2 -16.3481245267 0.464481763056 -0.00246276399179 17.587924739 59.871100427 
167 26.6655290127 -60.2577857971 -57.8252563477 -20.2652587891 -17.3973626347 2 -16.3481235386 0.464481734983 0.380518450893 17.587924739 59.871100427 
168 26.8200929165 -60.3107452393 -57.8782157898 -20.3182220459 -17.7508272699 2 -16.3481235386 0.464481734983 0.380518450893 17.587924739 59.871100427 
169 26.9792928696 -60.1961174011 -57.7635879517 -20.2035903931 -17.8762452437 2 -16.4971026245 -1.34363955496 0.781645717762 17.587943424 59.871097612 
170 27.1285479069 -60.607170105 -58.1746406555 -20.6146392822 -17.9863978922 2 -16.4971026245 -1.34363955496 0.781645717762 17.587943424 59.871097612 
171 27.291025877 -60.2098083496 -57.7772789001 -20.2172851562 -17.9513782901 2 -16.4971034773 -1.34363962443 0.454055049634 17.587943424 59.871097612 
172 27.4423260689 -59.2675628662 -56.8350334167 -19.2750396729 -17.5752257605 2 -16.4971034773 -1.34363962443 0.454055049634 17.587943424 59.871097612 
173 27.6004869938 -59.5654449463 -57.1329154968 -19.5729217529 -17.2682286817 2 -16.4971045126 -1.34363970875 0.0563631203445 17.587943424 59.871097612 
174 27.751486063 -60.0211486816 -57.5886192322 -20.0286254883 -17.2181272036 2 -16.4971045126 -1.34363970875 0.0563631203445 17.587943424 59.871097612 
175 27.9164130688 -60.2917861938 -57.8592567444 -20.2992553711 -17.5604094659 2 -16.4971035972 -1.34363963419 0.407988864075 17.587943424 59.871097612 
176 28.0678129196 -60.6551322937 -58.2226028442 -20.6626052856 -17.9291577767 2 -16.6319885144 -3.47341203445 0.308311474464 17.587965326 59.871093941 
177 28.2299170494 -60.8294296265 -58.396900177 -20.8368988037 -18.2022870913 2 -16.6319885144 -3.47341203445 0.308311474464 17.587965326 59.871093941 
178 28.3805639744 -60.8882980347 -58.4557685852 -20.8957672119 -18.4105433706 2 -16.6319867051 -3.4734116566 0.997648133997 17.587965326 59.871093941 
179 28.56782794 -60.0638389587 -57.6313095093 -20.0713119507 -18.1820811752 2 -16.6319867051 -3.4734116566 0.997648133997 17.587965326 59.871093941 
180 28.7191410065 -59.2668075562 -56.8342781067 -19.2742767334 -17.5952900554 2 -16.6319874286 -3.47341180769 0.722015244075 17.587965326 59.871093941 
181 28.874655962 -59.5104751587 -57.0779457092 -19.5179443359 -17.2106052053 2 -16.6319874286 -3.47341180769 0.722015244075 17.587965326 59.871093941 
182 29.0271849632 -60.1194572449 -57.6869277954 -20.1269302368 -17.2253623104 2 -16.7963622886 -5.27920645311 0.195416957858 17.587984028 59.871091266 
183 29.2155649662 -61.5461425781 -59.1136131287 -21.5536193848 -17.8587183129 2 -16.7963620335 -5.27920637293 0.291658962635 17.587984028 59.871091266 
184 29.3699328899 -60.8653564453 -58.4328269958 -20.872833252 -18.3876668126 2 -16.7963620335 -5.27920637293 0.291658962635 17.587984028 59.871091266 
185 29.5257639885 -61.2777671814 -58.8452377319 -21.2852401733 -18.8334159546 2 -16.7963618001 -5.27920629956 0.379727872684 17.587984028 59.871091266 
186 29.6709010601 -60.3213310242 -57.8888015747 -20.3288040161 -18.407818725 2 -16.7963618001 -5.27920629956 0.379727872684 17.587984028 59.871091266 
187 29.8586468697 -59.4098167419 -56.9772872925 -19.4172897339 -17.8266942106 2 -16.7963617637 -5.27920628812 0.393458689507 17.587984028 59.871091266 
188 30.0119678974 -60.4180984497 -57.9855690002 -20.425567627 -17.622140371 2 -17.1184921984 -6.88805603517 0.393461095156 17.588001153 59.87109042 
189 30.1700949669 -60.9692382812 -58.5367088318 -20.9767150879 -17.7894916457 2 -17.1184914454 -6.88805573215 0.67222793129 17.588001153 59.87109042 
190 30.319231987 -61.4994735718 -59.0669441223 -21.506942749 -18.5394125429 2 -17.1184914454 -6.88805573215 0.67222793129 17.588001153 59.87109042 
191 30.5129659176 -62.6370544434 -60.2045249939 -22.64453125 -19.2184477539 2 -17.1184915249 -6.88805576414 0.642803625249 17.588001153 59.87109042 
192 30.6587970257 -62.5124549866 -60.0799255371 -22.5199279785 -19.775750674 2 -17.1184915249 -6.88805576414 0.642803625249 17.588001153 59.87109042 
193 30.8208730221 -62.3020019531 -59.8694725037 -22.3094787598 -20.1012780673 2 -17.1184906822 -6.88805542508 0.954721249152 17.588001153 59.87109042 
194 30.972135067 -61.438079834 -59.0055503845 -21.4455566406 -19.6544774883 2 -17.0812154672 -8.76037947285 0.386434671887 17.588019997 59.871085829 
195 31.1593220234 -62.0424995422 -59.6099700928 -22.0499725342 -19.5185990097 2 -17.0812154671 -8.76037947285 0.386440399816 17.588019997 59.871085829 
196 31.3099899292 -62.1129074097 -59.6803779602 -22.1203765869 -19.4646280996 2 -17.081214928 -8.76037919635 0.586444675684 17.588019997 59.871085829 
197 31.4633080959 -62.5033531189 -60.0708236694 -22.5108261108 -19.8321903969 2 -17.081214928 -8.76037919635 0.586444675684 17.588019997 59.871085829 
198 31.6169159412 -62.6377868652 -60.2052574158 -22.6452636719 -20.028284639 2 -17.0812144105 -8.76037893093 0.778432718807 17.588019997 59.871085829 
199 31.8055300713 -63.3160820007 -60.8835525513 -23.3235549927 -20.4129024532 2 -17.0812144105 -8.76037893093 0.778432718807 17.588019997 59.871085829 
200 31.9569978714 -62.8803596497 -60.4478302002 -22.8878326416 -20.5487729028 2 -17.0812157098 -8.76037959732 0.296400777533 17.588019997 59.871085829 
201 32.1178488731 -62.3620758057 -59.9295463562 -22.3695526123 -20.4396144791 2 -16.8545031247 -10.5424486742 0.296402884856 17.588037429 59.871079786 
202 32.2741980553 -61.671295166 -59.2387657166 -21.6787719727 -19.8696021875 2 -16.8545028996 -10.5424485334 0.381049544152 17.588037429 59.871079786 
203 32.4375100136 -61.7718849182 -59.3393554688 -21.7793579102 -19.5362731548 2 -16.8545028996 -10.5424485334 0.381049544152 17.588037429 59.871079786 
204 32.587982893 -61.7930870056 -59.3605575562 -21.8005599976 -19.3666372732 2 -16.8545012136 -10.5424474788 1.01492612044 17.588037429 59.871079786 
205 32.7495629787 -61.3269424438 -58.8944129944 -21.3344116211 -19.2416352451 2 -16.8545012136 -10.5424474788 1.01492612044 17.588037429 59.871079786 
206 32.9058439732 -61.3845596313 -58.9520301819 -21.3920288086 -19.1137007008 2 -16.8545023828 -10.5424482101 0.575347121231 17.588037429 59.871079786 
207 33.0753018856 -60.8701133728 -58.4375839233 -20.8775863647 -18.8032689298 2 -16.4979076028 -12.0679227948 0.920961638585 17.588051923 59.871073191 
208 33.2314798832 -59.8047370911 -57.3722076416 -19.812210083 -18.2059340203 2 -16.4979076028 -12.0679227948 0.920961638585 17.588051923 59.871073191 
209 33.389398098 -59.0020370483 -56.5695075989 -19.0095062256 -17.383968439 2 -16.4979071025 -12.0679224288 1.11312322389 17.588051923 59.871073191 
210 33.5410358906 -60.011302948 -57.5787734985 -20.0187759399 -17.1827780671 2 -16.4979071025 -12.0679224288 1.11312322389 17.588051923 59.871073191 
211 33.7240829468 -60.3797187805 -57.9471893311 -20.3871917725 -17.3387480732 2 -16.497908997 -12.0679238146 0.385461644143 17.588051923 59.871073191 
212 33.860118866 -60.354259491 -57.9217300415 -20.3617324829 -17.8636841067 2 -16.497908997 -12.0679238146 0.385461644143 17.588051923 59.871073191 
213 34.0190598965 -60.8641357422 -58.4316062927 -20.8716125488 -18.1422379227 2 -16.1333431107 -13.5237106638 1.3380068452 17.588065691 59.871066685 
214 34.179858923 -60.9397468567 -58.5072174072 -20.9472198486 -18.3252992895 2 -16.1333444682 -13.5237118017 0.804787535965 17.588065691 59.871066685 
215 34.3558468819 -61.7396697998 -59.3071403503 -21.7471466064 -18.7685664222 2 -16.1333444682 -13.5237118017 0.804787535965 17.588065691 59.871066685 
216 34.5156030655 -61.2506599426 -58.8181304932 -21.2581329346 -18.9073337289 2 -16.1333437513 -13.5237112008 1.08636148124 17.588065691 59.871066685 
217 34.6635520458 -60.8434066772 -58.4108772278 -20.8508758545 -18.8691661079 2 -16.1333437513 -13.5237112008 1.08636148124 17.588065691 59.871066685 
218 34.8198029995 -60.4136962891 -57.9811668396 -20.4211730957 -18.4309354099 2 -16.1333442581 -13.5237116256 0.887324824825 17.588065691 59.871066685 
219 35.0086250305 -60.6516227722 -58.2190933228 -20.6590957642 -18.2509762171 2 -15.7607310676 -14.8770186351 0.887326919321 17.588078401 59.871060342 
220 35.1567840576 -60.5937461853 -58.1612167358 -20.6012191772 -18.1725073153 2 -15.7607319948 -14.8770195102 0.514556398223 17.588078401 59.871060342 
221 35.3115429878 -60.847858429 -58.4153289795 -20.8553314209 -18.3169124943 2 -15.7607319948 -14.8770195102 0.514556398223 17.588078401 59.871060342 
222 35.4729039669 -60.5038146973 -58.0712852478 -20.5112915039 -18.2655123422 2 -15.7607305783 -14.8770181731 1.08408032754 17.588078401 59.871060342 
223 35.6524488926 -59.9862365723 -57.5537071228 -19.9937133789 -18.0386852575 2 -15.7607305783 -14.8770181731 1.08408032754 17.588078401 59.871060342 
224 35.8054199219 -59.0772171021 -56.6446876526 -19.0846862793 -17.3960233987 2 -15.7607300076 -14.8770176345 1.31353150977 17.588078401 59.871060342 
225 35.9551758766 -58.6950416565 -56.262512207 -18.7025146484 -16.8101675236 2 -15.7607300076 -14.8770176345 1.31353150977 17.588078401 59.871060342 
226 36.1135370731 -58.3541793823 -55.9216499329 -18.3616485596 -16.3107019037 2 -15.3213947127 -16.2492761791 0.913641341893 17.588091127 59.871053372 
227 36.2998039722 -58.7500610352 -56.3175315857 -18.7575378418 -16.2144492634 2 -15.3213957563 -16.2492772859 0.482021888732 17.588091127 59.871053372 
228 36.4533889294 -58.9606361389 -56.5281066895 -18.9681091309 -16.2954315926 2 -15.3213957563 -16.2492772859 0.482021888732 17.588091127 59.871053372 
229 36.6030368805 -58.8718223572 -56.4392929077 -18.8792953491 -16.4809883802 2 -15.3213947052 -16.2492761711 0.916747235994 17.588091127 59.871053372 
230 36.7615120411 -58.9783477783 -56.5458183289 -18.985824585 -16.5583010071 2 -15.3213947052 -16.2492761711 0.916747235994 17.588091127 59.871053372 
231 36.9447450638 -58.5720596313 -56.1395301819 -18.5795288086 -16.4223778946 2 -15.3213937102 -16.2492751158 1.32826985462 17.588091127 59.871053372 
232 37.0986430645 -58.2135848999 -55.7810554504 -18.2210540771 -16.1875278708 2 -14.8432296134 -17.4855484823 1.3282720071 17.588102375 59.871046372 
233 37.2538619041 -58.5623168945 -56.1297874451 -18.5697937012 -16.0646736734 2 -14.8432307328 -17.485549801 0.850389034133 17.588102375 59.871046372 
234 37.418817997 -59.3902206421 -56.9576911926 -19.3976898193 -16.2900783889 2 -14.8432304714 -17.4855494929 0.962018752701 17.588102375 59.871046372 
235 37.5964388847 -60.3479499817 -57.9154205322 -20.3554229736 -16.9356428109 2 -14.8432304714 -17.4855494929 0.962018752701 17.588102375 59.871046372 
236 37.7545669079 -60.5557975769 -58.1232681274 -20.5632705688 -17.6581210126 2 -14.8432307386 -17.4855498077 0.847936289764 17.588102375 59.871046372 
237 37.9062268734 -60.1558952332 -57.7233657837 -20.1633682251 -17.9689523204 2 -14.8432307386 -17.4855498077 0.847936289764 17.588102375 59.871046372 
238 38.0635519028 -59.9782218933 -57.5456924438 -19.9856948853 -17.8386389161 2 -14.4337071707 -18.1518110288 1.01431860223 17.588108037 59.871041271 
239 38.2192440033 -60.6758117676 -58.2432823181 -20.6832885742 -17.8721913846 2 -14.4337071707 -18.1518110288 1.01431860223 17.588108037 59.871041271 
240 38.38113904 -60.4088630676 -57.9763336182 -20.4163360596 -17.956958587 2 -14.4337075058 -18.1518114502 0.867211340652 17.588108037 59.871041271 
241 38.5265278816 -60.7697181702 -58.3371887207 -20.7771911621 -18.2345574479 2 -14.4337075058 -18.1518114502 0.867211340652 17.588108037 59.871041271 
242 38.7210600376 -61.3687973022 -58.9362678528 -21.3762664795 -18.4356862974 2 -14.4337066718 -18.1518104014 1.23332728454 17.588108037 59.871041271 
243 38.9005799294 -62.6553153992 -60.2227859497 -22.6627883911 -19.0863592615 2 -14.4337066718 -18.1518104014 1.23332728454 17.588108037 59.871041271 
244 39.0520429611 -63.6411094666 -61.2085800171 -23.6485824585 -19.977762855 2 -14.3299380904 -18.0635719326 0.979332014912 17.588106871 59.871040564 
245 39.2013468742 -64.2518768311 -61.8193473816 -24.2593536377 -21.0367638937 2 -14.3299383026 -18.0635722 0.885515407754 17.588106871 59.871040564 
246 39.3570258617 -64.6941680908 -62.2616386414 -24.7016448975 -21.7743367318 2 -14.3299383026 -18.0635722 0.885515407754 17.588106871 59.871040564 
247 39.5450839996 -65.4352874756 -63.0027580261 -25.4427642822 -22.3623055495 2 -14.3299389568 -18.0635730246 0.596224968639 17.588106871 59.871040564 
248 39.7051610947 -64.6780014038 -62.2454719543 -24.6854705811 -22.5301393287 2 -14.3299389568 -18.0635730246 0.596224968639 17.588106871 59.871040564 
249 39.8586440086 -64.6266021729 -62.1940727234 -24.6340789795 -22.5050384932 2 -14.3299383791 -18.0635722964 0.851682042144 17.588106871 59.871040564 
250 40.0098378658 -64.5040969849 -62.0715675354 -24.5115661621 -22.2235342778 2 -14.3285284893 -17.8329406642 0.851681385509 17.588104534 59.871041077 
251 40.2033319473 -64.9693222046 -62.5367927551 -24.9767913818 -22.3130919476 2 -14.3285274138 -17.8329393257 1.32730556299 17.588104534 59.871041077 
252 40.3525788784 -64.305305481 -61.8727760315 -24.3127746582 -22.1973164344 2 -14.3285294887 -17.832941908 0.409707801944 17.588104534 59.871041077 
253 40.5061769485 -64.0304031372 -61.5978736877 -24.0378723145 -22.0222303194 2 -14.3285294887 -17.832941908 0.409707801944 17.588104534 59.871041077 
254 40.6633160114 -63.8830032349 -61.4504737854 -23.8904724121 -21.6877867308 2 -14.3285280528 -17.832940121 1.04470732734 17.588104534 59.871041077 
255 40.8468489647 -64.1371536255 -61.704624176 -24.1446228027 -21.636209287 2 -14.3285280528 -17.832940121 1.04470732734 17.588104534 59.871041077 
256 40.9971060753 -63.7914352417 -61.3589057922 -23.7989044189 -21.5541938664 2 -14.3618354247 -17.766841964 0.814221316521 17.588103953 59.871041519 
257 41.1524600983 -63.5763244629 -61.1437950134 -23.5838012695 -21.4446852496 2 -14.3618354247 -17.766841964 0.814221316521 17.588103953 59.871041519 
258 41.3046679497 -63.6407814026 -61.2082519531 -23.6482543945 -21.289521657 2 -14.361836293 -17.7668430382 0.43110038217 17.588103953 59.871041519 
259 41.4885809422 -63.8873062134 -61.4547767639 -23.8947753906 -21.3192539628 2 -14.361836293 -17.7668430382 0.43110038217 17.588103953 59.871041519 
260 41.6437020302 -63.8671035767 -61.4345741272 -23.8745727539 -21.4173525028 2 -14.3618354599 -17.7668420075 0.79869075105 17.588103953 59.871041519 
261 41.7924029827 -63.6872215271 -61.2546920776 -23.694694519 -21.4338617451 2 -14.3618354599 -17.7668420075 0.79869075105 17.588103953 59.871041519 
262 41.9568369389 -63.6271362305 -61.194606781 -23.6346130371 -21.3466475716 2 -14.3352912093 -17.7171151333 0.551225058386 17.58810338 59.8710414 
263 42.1431958675 -64.3290710449 -61.8965415955 -24.3365478516 -21.4806097161 2 -14.3352909132 -17.7171147673 0.682129738344 17.58810338 59.8710414 
264 42.2921900749 -63.6098175049 -61.1772880554 -23.6172943115 -21.4523699472 2 -14.3352909132 -17.7171147673 0.682129738344 17.58810338 59.8710414 
265 42.4478170872 -63.5124588013 -61.0799293518 -23.5199279785 -21.4096823753 2 -14.3352900848 -17.7171137436 1.04829828858 17.58810338 59.8710414 
266 42.6016440392 -63.4939804077 -61.0614509583 -23.501449585 -21.1600260615 2 -14.3352900848 -17.7171137436 1.0482911184 17.58810338 59.8710414 
267 42.7890779972 -64.0047225952 -61.5721931458 -24.0121917725 -21.2797147568 2 -14.3352908492 -17.7171146882 0.710418287151 17.58810338 59.8710414 
268 42.9451029301 -63.830116272 -61.3975868225 -23.8375854492 -21.3876814477 2 -14.3409383961 -17.6927126969 0.710418231553 17.588103148 59.871041505 
269 43.0987730026 -63.7260398865 -61.293510437 -23.7335128784 -21.4724634682 2 -14.3409375594 -17.6927116646 1.08015519209 17.588103148 59.871041505 
270 43.2539839745 -63.7446899414 -61.3121604919 -23.752166748 -21.388344796 2 -14.3409375594 -17.6927116646 1.08015519209 17.588103148 59.871041505 
271 43.4424879551 -63.9751281738 -61.5425987244 -23.9826049805 -21.4342369296 2 -14.3409383348 -17.6927126213 0.737519488483 17.588103148 59.871041505 
272 43.5797479153 -64.0008544922 -61.5683250427 -24.0083312988 -21.5256714037 2 -14.3409377107 -17.6927118513 1.01328505117 17.588103148 59.871041505 
273 43.7349219322 -64.2025909424 -61.7700614929 -24.210067749 -21.6790388763 2 -14.3409377107 -17.6927118513 1.01328505117 17.588103148 59.871041505 
274 43.895072937 -64.6120834351 -62.1795539856 -24.6195526123 -21.8790717193 2 -14.3409380048 -17.6927122142 0.883327444972 17.588103148 59.871041505 
275 44.0810348988 -64.836151123 -62.4036216736 -24.8436279297 -22.1561120431 2 -14.4469904512 -17.6527492999 0.883327575399 17.588103023 59.871042524 
276 44.2331080437 -64.9883422852 -62.5558128357 -24.9958190918 -22.4285346519 2 -14.4469908709 -17.6527498128 0.699241199871 17.588103023 59.871042524 
277 44.3897628784 -64.828414917 -62.3958854675 -24.8358917236 -22.5049348983 2 -14.4469908709 -17.6527498128 0.699241199871 17.588103023 59.871042524 
278 44.5440480709 -64.7930908203 -62.3605613708 -24.800567627 -22.490171903 2 -14.4469905384 -17.6527494066 0.845052992447 17.588103023 59.871042524 
279 44.7352740765 -65.415145874 -62.9826164246 -25.4226226807 -22.615958704 2 -14.4469905384 -17.6527494066 0.845052992447 17.588103023 59.871042524 
280 44.8931279182 -64.8166885376 -62.3841590881 -24.8241577148 -22.6117299658 2 -14.4469899925 -17.6527487394 1.08453329862 17.588103023 59.871042524 
281 45.0389809608 -64.6379318237 -62.2054023743 -24.645401001 -22.5538091218 2 -14.5485356786 -17.6591307697 1.08453354883 17.588103355 59.871043398 
282 45.1976480484 -64.5116500854 -62.079120636 -24.5191192627 -22.2736961077 2 -14.5485361429 -17.6591313333 0.882296921685 17.588103355 59.871043398 
283 45.3801369667 -65.0290222168 -62.5964927673 -25.0364990234 -22.3371133493 2 -14.5485365059 -17.6591317739 0.724189159975 17.588103355 59.871043398 
284 45.5293929577 -64.6418609619 -62.2093315125 -24.6493377686 -22.3384723652 2 -14.5485365059 -17.6591317739 0.724189159975 17.588103355 59.871043398 
285 45.7033948898 -64.6471252441 -62.2145957947 -24.6546020508 -22.3871280274 2 -14.5485364413 -17.6591316955 0.752336212544 17.588103355 59.871043398 
286 45.8448929787 -64.6540145874 -62.2214851379 -24.6614837646 -22.2695292268 2 -14.5485364413 -17.6591316955 0.75232849443 17.588103355 59.871043398 
287 46.0346229076 -65.2034683228 -62.7709388733 -25.2109375 -22.4415592888 2 -14.6429304339 -17.6736021099 0.903691434823 17.58810375 59.871044191 
288 46.1878669262 -64.8468551636 -62.4143257141 -24.8543243408 -22.5115399591 2 -14.6429304339 -17.6736021099 0.903691434823 17.58810375 59.871044191 
289 46.351099968 -64.6930465698 -62.2605171204 -24.7005157471 -22.5259603068 2 -14.6429308434 -17.6736026041 0.726491414169 17.58810375 59.871044191 
290 46.504431963 -64.7134475708 -62.2809181213 -24.720916748 -22.3719156339 2 -14.6429308434 -17.6736026041 0.726491414169 17.58810375 59.871044191 
291 46.6620399952 -64.9689254761 -62.5363960266 -24.9763946533 -22.4100916386 2 -14.6429312692 -17.6736031181 0.542225967314 17.58810375 59.871044191 
292 46.8098270893 -64.8214645386 -62.3889350891 -24.8289337158 -22.4539590308 2 -14.6429315173 -17.6736034175 0.434856271475 17.58810375 59.871044191 
293 46.9664180279 -64.634803772 -62.2022743225 -24.6422729492 -22.4259462152 2 -14.7609725544 -17.6871573257 0.434856584032 17.588104198 59.871045193 
294 47.1204030514 -64.5687942505 -62.136264801 -24.5762634277 -22.2942704009 2 -14.7609717095 -17.6871563133 0.797569407228 17.588104198 59.871045193 
295 47.2787709236 -64.5895614624 -62.1570320129 -24.5970306396 -22.219408166 2 -14.7609717095 -17.6871563133 0.797569407228 17.588104198 59.871045193 
296 47.437721014 -64.6543197632 -62.2217903137 -24.6617889404 -22.2257835287 2 -14.760972128 -17.6871568147 0.617907235079 17.588104198 59.871045193 
297 47.6324310303 -64.5580215454 -62.1254920959 -24.5654907227 -22.2221280782 2 -14.760972128 -17.6871568147 0.617907235079 17.588104198 59.871045193 
298 47.8185560703 -64.51171875 -62.0791893005 -24.5191955566 -22.1957428748 2 -14.7609712114 -17.6871557165 1.01138698143 17.588104198 59.871045193 
299 48.0050299168 -64.7595901489 -62.3270606995 -24.7670593262 -22.2290038009 2 -14.8963385321 -17.6847330787 1.09277531254 17.58810453 59.871046383 
300 48.1567049026 -64.6611480713 -62.2286186218 -24.6686248779 -22.2636208176 2 -14.8963385321 -17.6847330787 1.09277531254 17.58810453 59.871046383 
301 48.3102259636 -64.5027008057 -62.0701713562 -24.5101776123 -22.2604250507 2 -14.8963387158 -17.6847332968 1.0146313264 17.58810453 59.871046383 
302 48.4652218819 -64.4598007202 -62.0272712708 -24.4672698975 -22.1613714566 2 -14.8963387158 -17.6847332968 1.0146313264 17.58810453 59.871046383 
303 48.6588680744 -64.8227005005 -62.390171051 -24.8301696777 -22.211001137 2 -14.8963395793 -17.684734322 0.647294438305 17.58810453 59.871046383 
304 48.8030638695 -64.6059570312 -62.1734275818 -24.6134338379 -22.2462640154 2 -14.8963395793 -17.684734322 0.647294438305 17.58810453 59.871046383 
305 48.9549229145 -64.4881591797 -62.0556297302 -24.4956359863 -22.256421358 2 -14.8963397308 -17.6847345018 0.582844632028 17.58810453 59.871046383 
306 49.1159980297 -64.5018310547 -62.0693016052 -24.5093078613 -22.1532192672 2 -14.9353891687 -17.669231634 0.582844680864 17.588104476 59.87104676 
307 49.2703430653 -64.9900360107 -62.5575065613 -24.9975128174 -22.2696662822 2 -14.9353881825 -17.6692304674 1.00124087576 17.588104476 59.87104676 
308 49.4279589653 -64.6438064575 -62.2112770081 -24.6512756348 -22.3242295274 2 -14.9353881825 -17.6692304674 1.00124087576 17.588104476 59.87104676 
309 49.5852930546 -64.4824752808 -62.0499458313 -24.489944458 -22.317130584 2 -14.9353885106 -17.6692308555 0.862048676532 17.588104476 59.87104676 
310 49.7431330681 -64.5104217529 -62.0778923035 -24.5178985596 -22.1663000991 2 -14.935388412 -17.6692307388 0.903892641232 17.588104476 59.87104676 
311 49.9044549465 -64.9832382202 -62.5507087708 -24.9907073975 -22.268737784 2 -14.935388412 -17.6692307388 0.903892641232 17.588104476 59.87104676 
312 50.0620748997 -64.5189361572 -62.0864067078 -24.5264129639 -22.2817796106 2 -15.0019957867 -17.6625670703 0.818054918796 17.588104584 59.871047358 
313 50.2123720646 -64.4726715088 -62.0401420593 -24.4801483154 -22.2682239652 2 -15.0019957867 -17.6625670703 0.818054918796 17.588104584 59.871047358 
314 50.3651680946 -64.4340744019 -62.0015449524 -24.4415435791 -22.0968183483 2 -15.001995441 -17.6625666634 0.964043947375 17.588104584 59.871047358 
315 50.5533180237 -64.7952880859 -62.3627586365 -24.8027648926 -22.1832790609 2 -15.001995441 -17.6625666634 0.964043947375 17.588104584 59.871047358 
316 50.7107610703 -64.5913696289 -62.1588401794 -24.5988464355 -22.2237642784 2 -15.0019955456 -17.6625667864 0.919894765013 17.588104584 59.871047358 
317 50.8602979183 -64.6069869995 -62.17445755 -24.6144561768 -22.2844588103 2 -15.0019955456 -17.6625667864 0.919894765013 17.588104584 59.871047358 
318 51.0262079239 -64.4986572266 -62.0661277771 -24.5061340332 -22.1870104486 2 -15.0422628893 -17.6183781148 1.06803309266 17.588104243 59.871047811 
319 51.2074599266 -64.861000061 -62.4284706116 -24.8684692383 -22.2721621706 2 -15.0422628893 -17.6183781148 1.06803309266 17.588104243 59.871047811 
320 51.3626089096 -64.5960464478 -62.1635169983 -24.603515625 -22.2684356611 2 -15.0422638022 -17.6183791841 0.683450980253 17.588104243 59.871047811 
321 51.5152289867 -64.6729736328 -62.2404441833 -24.6804504395 -22.3290437041 2 -15.0422638022 -17.6183791841 0.683450980253 17.588104243 59.871047811 
322 51.6724610329 -64.6009521484 -62.168422699 -24.6084289551 -22.2449083884 2 -15.0422630802 -17.6183783385 0.987581837368 17.588104243 59.871047811 
323 51.8589630127 -65.2136459351 -62.7811164856 -25.2211151123 -22.4343588418 2 -15.042262431 -17.618377578 1.26110174245 17.588104243 59.871047811 
324 52.0096590519 -64.6879806519 -62.2554512024 -24.6954498291 -22.439678553 2 -15.0908376309 -17.6003949792 1.26110180751 17.588104189 59.871048277 
325 52.1648249626 -64.5213623047 -62.0888328552 -24.5288391113 -22.4100219211 2 -15.0908385651 -17.6003960688 0.868826198782 17.588104189 59.871048277 
326 52.3223819733 -64.51587677 -62.0833473206 -24.5233459473 -22.1954828495 2 -15.0908385651 -17.6003960688 0.868826198782 17.588104189 59.871048277 
327 52.5033359528 -64.684387207 -62.2518577576 -24.6918640137 -22.1943482576 2 -15.0908390414 -17.6003966243 0.668830767383 17.588104189 59.871048277 
328 52.652312994 -64.3842697144 -61.9517402649 -24.3917388916 -22.1465803099 2 -15.0908390414 -17.6003966243 0.668830767383 17.588104189 59.871048277 
329 52.8090250492 -64.180809021 -61.7482795715 -24.1882781982 -22.0285851752 2 -15.0908388985 -17.6003964576 0.728828667372 17.588104189 59.871048277 
330 52.9621059895 -64.1915359497 -61.7590065002 -24.199005127 -21.8720760715 2 -15.178889438 -17.5997159158 0.520828006654 17.588104414 59.871049049 
331 53.1206610203 -64.7018280029 -62.2692985535 -24.7093048096 -21.9666908116 2 -15.178889438 -17.5997159158 0.520828006654 17.588104414 59.871049049 
332 53.2769920826 -64.2660522461 -61.8335227966 -24.2735290527 -21.9969534521 2 -15.1788884471 -17.5997147668 0.93451741242 17.588104414 59.871049049 
333 53.434429884 -64.2955627441 -61.8630332947 -24.3030395508 -22.0341168886 2 -15.1788884471 -17.5997147668 0.93451741242 17.588104414 59.871049049 
334 53.5882980824 -64.2809143066 -61.8483848572 -24.2883911133 -21.9026802101 2 -15.1788880919 -17.5997143549 1.08282125681 17.588104414 59.871049049 
335 53.7727730274 -64.9225921631 -62.4900627136 -24.9300689697 -22.1016731429 2 -15.1788880919 -17.5997143549 1.08282125681 17.588104414 59.871049049 
336 53.9373390675 -64.3416900635 -61.909160614 -24.3491668701 -22.1182973803 2 -15.1788881461 -17.5997144178 1.06019040302 17.588104414 59.871049049 
337 54.0800249577 -64.2774887085 -61.844959259 -24.2849578857 -22.1170329329 2 -15.2126029405 -17.5909378368 1.06020979286 17.588104414 59.871049364 
338 54.2447800636 -64.2534637451 -61.8209342957 -24.2609405518 -21.9124303592 2 -15.2126027913 -17.5909376642 1.12236232125 17.588104414 59.871049364 
339 54.4267399311 -64.7181243896 -62.2855949402 -24.7256011963 -22.0279737913 2 -15.2126027913 -17.5909376642 1.12236232125 17.588104414 59.871049364 
340 54.5624649525 -64.2870864868 -61.8545570374 -24.2945556641 -22.0313634298 2 -15.2126029405 -17.5909378368 1.06020979286 17.588104414 59.871049364 
341 54.7118849754 -64.1416473389 -61.7091178894 -24.1491241455 -21.9906495976 2 -15.2126029405 -17.5909378368 1.06020979286 17.588104414 59.871049364 
342 54.8703019619 -64.158706665 -61.7261772156 -24.1661834717 -21.8167179007 2 -15.2126032393 -17.5909381823 0.935745506019 17.588104414 59.871049364 
343 55.0554409027 -64.6330337524 -62.200504303 -24.6405029297 -21.9213655686 2 -15.2326906822 -17.5750330774 1.17436137665 17.588104306 59.871049576 
344 55.1872410774 -64.1004257202 -61.6678962708 -24.1078948975 -21.9064961033 2 -15.2326906822 -17.5750330774 1.17436137665 17.588104306 59.871049576 
345 55.3410348892 -64.1168289185 -61.684299469 -24.1242980957 -21.8916083013 2 -15.2326908616 -17.5750332843 1.09974957984 17.588104306 59.871049576 
346 55.4955089092 -64.1167068481 -61.6841773987 -24.1241760254 -21.7331697219 2 -15.2326908616 -17.5750332843 1.09974957984 17.588104306 59.871049576 
347 55.6799659729 -64.4139480591 -61.9814186096 -24.4214172363 -21.8332427998 2 -15.2326920872 -17.5750346985 0.589881350306 17.588104306 59.871049576 
348 55.8321580887 -64.1762008667 -61.7436714172 -24.1836700439 -21.8537305248 2 -15.2326920872 -17.5750346985 0.589881350306 17.588104306 59.871049576 
349 55.9953999519 -64.0294342041 -61.5969047546 -24.0369110107 -21.8226566296 2 -15.2384364857 -17.5628621114 1.19344404139 17.588104198 59.871049654 
350 56.1369860172 -63.9852142334 -61.5526847839 -23.99269104 -21.6839611508 2 -15.2384364857 -17.5628621114 1.19344404139 17.588104198 59.871049654 
351 56.326830864 -64.3449630737 -61.9124336243 -24.352432251 -21.7359312002 2 -15.2384374724 -17.5628632487 0.783112547164 17.588104198 59.871049654 
352 56.4746088982 -64.1675338745 -61.735004425 -24.1750030518 -21.7828034125 2 -15.2384374724 -17.5628632487 0.783112547164 17.588104198 59.871049654 
353 56.6292529106 -64.1959075928 -61.7633781433 -24.2033843994 -21.8566167352 2 -15.2384375919 -17.5628633864 0.733420851084 17.588104198 59.871049654 
354 56.7772340775 -64.0781478882 -61.6456184387 -24.0856170654 -21.7684796651 2 -15.2384375919 -17.5628633864 0.733420851084 17.588104198 59.871049654 
355 56.9381980896 -64.6933288574 -62.260799408 -24.7008056641 -21.9283955945 2 -15.2725634078 -17.5486419591 0.812365098302 17.588104144 59.871049985 
356 57.0872988701 -64.1778793335 -61.745349884 -24.1853485107 -21.9220523691 2 -15.2725634078 -17.5486419591 0.812365098302 17.588104144 59.871049985 
357 57.2449030876 -64.1485748291 -61.7160453796 -24.1560516357 -21.9477930504 2 -15.2725642332 -17.5486429076 0.469881591157 17.588104144 59.871049985 
358 57.3940279484 -64.2123718262 -61.7798423767 -24.2198486328 -21.8013201774 2 -15.2725631268 -17.5486416362 0.928967586288 17.588104144 59.871049985 
359 57.584387064 -64.8285217285 -62.3959922791 -24.8359985352 -21.9974603747 2 -15.2725631268 -17.5486416362 0.928967586288 17.588104144 59.871049985 
360 57.7324659824 -64.4616546631 -62.0291252136 -24.4691314697 -22.108129079 2 -15.272564029 -17.5486426729 0.554618934794 17.588104144 59.871049985 
361 57.890734911 -64.4399185181 -62.0073890686 -24.4473876953 -22.1913929507 2 -15.272564029 -17.5486426729 0.554618934794 17.588104144 59.871049985 
362 58.0423679352 -64.5422058105 -62.1096763611 -24.5496826172 -22.1026836028 2 -15.2879424573 -17.5339639108 0.646304815502 17.588104036 59.871050153 
363 58.2322590351 -65.2499313354 -62.817401886 -25.2574005127 -22.3372041928 2 -15.2879424573 -17.5339639108 0.646304815502 17.588104036 59.871050153 
364 58.399862051 -64.8358917236 -62.4033622742 -24.8433685303 -22.478689948 2 -15.2879416224 -17.5339629533 0.992346520307 17.588104036 59.871050153 
365 58.5384469032 -64.694229126 -62.2616996765 -24.7017059326 -22.5360114503 2 -15.2879410148 -17.5339622564 1.24421864216 17.588104036 59.871050153 
366 58.6931619644 -64.7559204102 -62.3233909607 -24.7633972168 -22.3831110098 2 -15.2879410148 -17.5339622564 1.24421864216 17.588104036 59.871050153 
367 58.8802530766 -65.0242919922 -62.5917625427 -25.0317687988 -22.4420230522 2 -15.2879420266 -17.5339634169 0.824807189654 17.588104036 59.871050153 
368 59.0354299545 -64.8388366699 -62.4063072205 -24.8463134766 -22.4920107397 2 -15.3432814679 -17.5134292081 0.824807265623 17.588103974 59.871050684 
369 59.1893289089 -64.626663208 -62.1941337585 -24.6341400146 -22.4457162167 2 -15.3432798988 -17.513427417 1.4728445252 17.588103974 59.871050684 
370 59.3474190235 -64.4856567383 -62.0531272888 -24.4931335449 -22.2674330531 2 -15.3432798988 -17.513427417 1.4728445252 17.588103974 59.871050684 
371 59.5038909912 -64.8076171875 -62.375087738 -24.8150939941 -22.2578651193 2 -15.3432811442 -17.5134288386 0.958497059079 17.588103974 59.871050684 
372 59.6624109745 -64.7158126831 -62.2832832336 -24.7232818604 -22.2873014219 2 -15.3432811442 -17.5134288386 0.958497059079 17.588103974 59.871050684 
373 59.8252120018 -64.5107803345 -62.078250885 -24.5182495117 -22.2963625045 2 -15.3432808022 -17.5134284482 1.0997348058 17.588103974 59.871050684 
374 59.9726040363 -64.5595397949 -62.1270103455 -24.5670166016 -22.2154952022 2 -15.3786305285 -17.5210297619 1.09973491308 17.588104144 59.871050976 
