Nr Etime Raw dBm dBmW/m2 sum:dBmW/m2 loop X Y Z 
1 0 -73.4377365112 -71.0052108765 -33.4452133179 -30.9986641758 1 -15.0836165449 -17.5116338547 1.51789640116 17.588103272 59.871048416 
2 0.0395939350128 -73.4575271606 -71.0250015259 -33.4650039673 -31.0444546022 1 -15.0836159391 -17.5116331514 1.77239016138 17.588103272 59.871048416 
3 0.265897035599 -73.6061019897 -71.173576355 -33.6135787964 -31.1210359814 1 -15.0836159391 -17.5116331514 1.77239016138 17.588103272 59.871048416 
4 0.392942905426 -73.2882385254 -70.8557128906 -33.295715332 -31.068605739 1 -15.0836164989 -17.5116338013 1.53722608356 17.588103272 59.871048416 
5 0.550467967987 -73.3744812012 -70.9419555664 -33.3819580078 -31.0407074794 1 -15.0836158907 -17.5116330952 1.79273178082 17.588103272 59.871048416 
6 0.711101055145 -73.3556442261 -70.9231185913 -33.3631210327 -30.9610085572 1 -15.0884509231 -17.4599639616 1.79273164939 17.588102762 59.871048576 
7 0.868762969971 -74.0651092529 -71.6325836182 -34.0725860596 -31.1961538809 1 -15.0884518222 -17.4599650019 1.41514237108 17.588102762 59.871048576 
8 1.02786803246 -73.3461990356 -70.9136734009 -33.3536758423 -31.1857751361 1 -15.0884518222 -17.4599650019 1.41514237108 17.588102762 59.871048576 
9 1.17858791351 -73.167098999 -70.7345733643 -33.1745758057 -31.1146850726 1 -15.0884503304 -17.4599632757 2.04166535012 17.588102762 59.871048576 
10 1.33996510506 -73.1770248413 -70.7444992065 -33.1845016479 -30.8504367512 1 -15.0884503304 -17.4599632757 2.04166535012 17.588102762 59.871048576 
11 1.52505302429 -74.0893478394 -71.6568222046 -34.096824646 -31.0588398042 1 -15.0884517976 -17.4599649735 1.42546135807 17.588102762 59.871048576 
12 1.68357491493 -73.1220855713 -70.6895599365 -33.1295623779 -31.0417399309 1 -15.0884517976 -17.4599649735 1.42546135807 17.588102762 59.871048576 
13 1.83635210991 -72.1947937012 -69.7622680664 -32.2022705078 -30.6220435363 1 -15.3064038155 -17.3133792797 1.27387581517 17.588101853 59.871050817 
14 1.99813890457 -71.3523864746 -68.9198608398 -31.3598632812 -29.7270567297 1 -15.3064056294 -17.3133813314 0.522944885542 17.588101853 59.871050817 
15 2.17981600761 -71.9191055298 -69.486579895 -31.9265823364 -29.4151458891 1 -15.3064056294 -17.3133813314 0.522944885542 17.588101853 59.871050817 
16 2.34347891808 -70.5850601196 -68.1525344849 -30.5925369263 -28.8380889189 1 -15.3064035561 -17.3133789863 1.38127834522 17.588101853 59.871050817 
17 2.49195790291 -70.0985946655 -67.6660690308 -30.1060714722 -28.3628858423 1 -15.3064035561 -17.3133789863 1.38127834522 17.588101853 59.871050817 
18 2.64568400383 -71.1368560791 -68.7043304443 -31.1443328857 -28.1876839842 1 -15.7525142108 -16.5756188361 1.00354022309 17.588095564 59.871056401 
19 2.83120203018 -72.6853027344 -70.2527770996 -32.692779541 -28.6852869609 1 -15.7525142108 -16.5756188361 1.00354022309 17.588095564 59.871056401 
20 2.98308110237 -71.5384979248 -69.10597229 -31.5459747314 -29.3157098145 1 -15.7525138488 -16.5756184552 1.14917364796 17.588095564 59.871056401 
21 3.13745999336 -70.5532455444 -68.1207199097 -30.5607223511 -29.0448770814 1 -15.7525138488 -16.5756184552 1.14917364796 17.588095564 59.871056401 
22 3.29419994354 -70.1788406372 -67.7463150024 -30.1863174438 -28.3068344137 1 -15.7525131681 -16.5756177389 1.42298998063 17.588095564 59.871056401 
23 3.48233103752 -70.1324386597 -67.6999130249 -30.1399154663 -27.902040354 1 -15.7525141075 -16.5756187274 1.04510944621 17.588095564 59.871056401 
24 3.64011192322 -69.0486068726 -66.6160812378 -29.0560836792 -27.342696374 1 -16.2983888407 -15.4554549102 1.04510799623 17.588085669 59.871063729 
25 3.78841400146 -68.8958435059 -66.4633178711 -28.9033203125 -26.9154529809 1 -16.2983886747 -15.4554547528 1.10964511874 17.588085669 59.871063729 
26 3.9492919445 -69.1150970459 -66.6825714111 -29.1225738525 -26.6397680616 1 -16.2983886747 -15.4554547528 1.10964511874 17.588085669 59.871063729 
27 4.13843393326 -68.321182251 -65.8886566162 -28.3286590576 -26.3728771992 1 -16.2983890269 -15.4554550867 0.972717959404 17.588085669 59.871063729 
28 4.27536606789 -67.4163589478 -64.983833313 -27.4238357544 -25.7956608481 1 -16.2983890269 -15.4554550867 0.972717959404 17.588085669 59.871063729 
29 4.43365693092 -67.0774688721 -64.6449432373 -27.0849456787 -25.1663394464 1 -16.2983876564 -15.4554537872 1.50553812362 17.588085669 59.871063729 
30 4.58195304871 -67.8736038208 -65.441078186 -27.8810806274 -25.0534650993 1 -16.6876757918 -14.4695599533 1.13214815619 17.58807672 59.871069381 
31 4.76684403419 -68.0028305054 -65.5703048706 -28.010307312 -25.2332267213 1 -16.6876757918 -14.4695599533 1.13214815619 17.58807672 59.871069381 
32 4.93227791786 -67.6681365967 -65.2356109619 -27.6756134033 -25.4656647849 1 -16.6876759705 -14.4695601082 1.06427491577 17.58807672 59.871069381 
33 5.08119797707 -68.4380722046 -66.0055465698 -28.4455490112 -25.6355719239 1 -16.6876759705 -14.4695601082 1.06427491577 17.58807672 59.871069381 
34 5.23682904243 -68.3569488525 -65.9244232178 -28.3644256592 -25.7478911649 1 -16.687676643 -14.4695606914 0.808906416335 17.58807672 59.871069381 
35 5.42087507248 -68.2429733276 -65.8104476929 -28.2504501343 -25.9663906921 1 -16.687676643 -14.4695606914 0.808906416335 17.58807672 59.871069381 
36 5.58077692986 -68.8472442627 -66.4147186279 -28.8547210693 -26.0888488383 1 -16.6876770871 -14.4695610764 0.640278839413 17.58807672 59.871069381 
37 5.72691011429 -69.5905838013 -67.1580581665 -29.5980606079 -26.4468109769 1 -17.0220272481 -13.5110147217 0.64027761231 17.588067903 59.87107449 
38 5.87685394287 -69.31275177 -66.8802261353 -29.3202285767 -26.8501609583 1 -17.0220265403 -13.5110141599 0.903782100025 17.588067903 59.87107449 
39 6.06212806702 -68.9686737061 -66.5361480713 -28.9761505127 -26.8975917163 1 -17.0220265403 -13.5110141599 0.903782100025 17.588067903 59.87107449 
40 6.21955990791 -69.6592636108 -67.2267379761 -29.6667404175 -26.9171730418 1 -17.0220258902 -13.5110136439 1.14579677162 17.588067903 59.87107449 
41 6.36581301689 -69.1995697021 -66.7670440674 -29.2070465088 -26.8790910096 1 -17.0220258902 -13.5110136439 1.14579677162 17.588067903 59.87107449 
42 6.52398300171 -69.1240844727 -66.6915588379 -29.1315612793 -26.9369531069 1 -17.0220254978 -13.5110133324 1.29186892583 17.588067903 59.87107449 
43 6.68371200562 -69.430305481 -66.9977798462 -29.4377822876 -26.8693268422 1 -17.3182769735 -12.6199126141 1.09057457557 17.588059668 59.871079112 
44 6.83982801437 -69.6877441406 -67.2552185059 -29.6952209473 -27.02366387 1 -17.3182769735 -12.6199126141 1.09057457557 17.588059668 59.871079112 
45 6.99677801132 -70.3921966553 -67.9596710205 -30.3996734619 -27.42189535 1 -17.3182770299 -12.6199126552 1.06993133315 17.588059668 59.871079112 
46 7.14831709862 -70.7350845337 -68.3025588989 -30.7425613403 -27.8488607581 1 -17.3182770299 -12.6199126552 1.06993133315 17.588059668 59.871079112 
47 7.30781197548 -71.434677124 -69.0021514893 -31.4421539307 -28.4338477624 1 -17.3182761822 -12.6199120375 1.38009936997 17.588059668 59.871079112 
48 7.46460700035 -70.6803588867 -68.247833252 -30.6878356934 -28.545823458 1 -17.3182761822 -12.6199120375 1.38009936997 17.588059668 59.871079112 
49 7.61235904694 -68.3838119507 -65.9512863159 -28.3912887573 -27.3806709705 1 -17.3182763221 -12.6199121394 1.32892229859 17.588059668 59.871079112 
50 7.76945495605 -66.0214996338 -63.5889701843 -26.0289764404 -25.2162444219 1 -17.6064627267 -11.5841267417 1.32892111441 17.588049948 59.871083993 
51 7.96023607254 -70.3102798462 -67.8777542114 -30.3177566528 -25.1840127778 1 -17.6064630622 -11.5841269625 1.20815210994 17.588049948 59.871083993 
52 8.10441207886 -72.4110870361 -69.9785614014 -32.4185638428 -25.6485307953 1 -17.6064630622 -11.5841269625 1.20815210994 17.588049948 59.871083993 
53 8.26429891586 -71.434211731 -69.0016860962 -31.4416885376 -28.8388183143 1 -17.6064650929 -11.5841282986 0.477279569525 17.588049948 59.871083993 
54 8.41883707047 -69.5051574707 -67.0726318359 -29.5126342773 -28.3943261594 1 -17.6064620829 -11.5841263182 1.56061538003 17.588049948 59.871083993 
55 8.60066390038 -69.608215332 -67.1756896973 -29.6156921387 -27.6434991719 1 -17.6064620829 -11.5841263182 1.56061538003 17.588049948 59.871083993 
56 8.76072406769 -68.1753234863 -65.7427978516 -28.182800293 -26.6145604284 1 -17.846387924 -10.3765598777 1.4715185315 17.588038363 59.871088843 
57 8.9114420414 -66.7707672119 -64.3382415771 -26.7782440186 -25.5086220248 1 -17.846387924 -10.3765598777 1.4715185315 17.588038363 59.871088843 
58 9.07230210304 -66.3966522217 -63.9641227722 -26.4041290283 -24.6120154898 1 -17.8463879113 -10.3765598704 1.47602928209 17.588038363 59.871088843 
59 9.25201797485 -69.0323791504 -66.5998535156 -29.039855957 -24.753272799 1 -17.8463879113 -10.3765598704 1.47602928209 17.588038363 59.871088843 
60 9.40396308899 -69.8317871094 -67.3992614746 -29.839263916 -25.5198493461 1 -17.8463888986 -10.3765604445 1.12543264268 17.588038363 59.871088843 
61 9.56434512138 -69.3418884277 -66.909362793 -29.3493652344 -26.9993539637 1 -17.8463888986 -10.3765604445 1.12543264268 17.588038363 59.871088843 
62 9.71633791924 -71.0408859253 -68.6083602905 -31.0483627319 -27.5833136105 1 -18.045293322 -8.97585522629 1.2973816979 17.588024716 59.871093774 
63 9.90128111839 -69.7739105225 -67.3413848877 -29.7813873291 -27.5626576151 1 -18.045293322 -8.97585522629 1.2973816979 17.588024716 59.871093774 
64 10.0539150238 -68.6349258423 -66.2024002075 -28.6424026489 -27.2235659095 1 -18.0452929134 -8.97585502309 1.44084138105 17.588024716 59.871093774 
65 10.2086091042 -68.6520614624 -66.2195358276 -28.659538269 -26.5809585011 1 -18.0452921071 -8.97585462202 1.72398681543 17.588024716 59.871093774 
66 10.366820097 -70.0703582764 -67.6378326416 -30.077835083 -26.6453725065 1 -18.0452921071 -8.97585462202 1.72398681543 17.588024716 59.871093774 
67 10.5519790649 -70.2111968994 -67.7786712646 -30.2186737061 -27.1455827707 1 -18.0452936187 -8.97585537391 1.19316507963 17.588024716 59.871093774 
68 10.6907420158 -70.5829620361 -68.1504364014 -30.5904388428 -27.8994642558 1 -18.0201977025 -7.56328264764 1.19316316491 17.588010359 59.871096772 
69 10.8398830891 -71.7093429565 -69.2768173218 -31.7168197632 -28.3686403492 1 -18.0201977604 -7.56328267194 1.17280181648 17.588010359 59.871096772 
70 11.0011749268 -71.8548355103 -69.4223098755 -31.8623123169 -28.9262389151 1 -18.0201977604 -7.56328267194 1.17280181648 17.588010359 59.871096772 
71 11.1794950962 -72.2222824097 -69.7897567749 -32.2297592163 -29.5401445729 1 -18.0201969328 -7.56328232461 1.46381014241 17.588010359 59.871096772 
72 11.3383479118 -69.918258667 -67.4857330322 -29.9257354736 -28.7031113363 1 -18.0201969328 -7.56328232461 1.46381014241 17.588010359 59.871096772 
73 11.4980990887 -68.5215988159 -66.0890731812 -28.5290756226 -27.3672362653 1 -18.0201970275 -7.56328236434 1.43051819959 17.588010359 59.871096772 
74 11.648373127 -69.5215911865 -67.0890655518 -29.5290679932 -26.8602528922 1 -17.8823053873 -6.25608380653 1.36045104901 17.587996771 59.871098543 
75 11.8325009346 -70.9967041016 -68.5641784668 -31.0041809082 -27.0779745292 1 -17.8823053873 -6.25608380653 1.36045104901 17.587996771 59.871098543 
76 11.9930250645 -73.2897644043 -70.8572387695 -33.2972412109 -28.3982471644 1 -17.8823060502 -6.25608403842 1.12556881992 17.587996771 59.871098543 
77 12.1399109364 -73.1349029541 -70.7023773193 -33.1423797607 -29.8247635598 1 -17.8823060502 -6.25608403842 1.12556881992 17.587996771 59.871098543 
78 12.2936899662 -71.5367279053 -69.1042022705 -31.5442047119 -30.1219473597 1 -17.8823053959 -6.25608380954 1.35740616264 17.587996771 59.871098543 
79 12.4811470509 -70.3770523071 -67.9445266724 -30.3845291138 -29.0287529498 1 -17.8823053959 -6.25608380954 1.35740616264 17.587996771 59.871098543 
80 12.6321721077 -69.3779678345 -66.9454421997 -29.3854446411 -27.8789239873 1 -17.8823063885 -6.25608415681 1.00565534491 17.587996771 59.871098543 
81 12.7823009491 -69.8759689331 -67.4434432983 -29.8834457397 -27.46073719 1 -17.8630199523 -5.02782597739 1.00565419593 17.587984294 59.871101172 
82 12.9351730347 -68.1996459961 -65.7671203613 -28.2071228027 -26.6554484962 1 -17.8630180748 -5.02782544897 1.67165731396 17.587984294 59.871101172 
83 13.1252179146 -68.0155792236 -65.5830535889 -28.0230560303 -26.1739437048 1 -17.8630180748 -5.02782544897 1.67165731396 17.587984294 59.871101172 
84 13.2740969658 -69.2813415527 -66.848815918 -29.2888183594 -26.0534246648 1 -17.8630182207 -5.02782549002 1.61991302159 17.587984294 59.871101172 
85 13.4263999462 -68.8959274292 -66.4634017944 -28.9034042358 -26.2864313071 1 -17.8630204374 -5.02782611394 0.833562857834 17.587984294 59.871101172 
86 13.5762090683 -66.9981613159 -64.5656356812 -27.0056381226 -25.7697853799 1 -17.8630204374 -5.02782611394 0.833562857834 17.587984294 59.871101172 
87 13.7623229027 -67.3665924072 -64.9340667725 -27.3740692139 -25.2339021849 1 -17.713433585 -3.69985008106 0.959267885491 17.587970465 59.871102888 
88 13.9122741222 -68.03125 -65.5987243652 -28.0387268066 -25.0462363476 1 -17.713433585 -3.69985008106 0.959267885491 17.587970465 59.871102888 
89 14.0638070107 -68.2290420532 -65.7965164185 -28.2365188599 -25.465298913 1 -17.7134317448 -3.69984969669 1.61758518225 17.587970465 59.871102888 
90 14.22032094 -68.1469650269 -65.7144393921 -28.1544418335 -25.7561034707 1 -17.7134317448 -3.69984969669 1.61758518225 17.587970465 59.871102888 
91 14.4000930786 -68.6827468872 -66.2502212524 -28.6902236938 -25.962320321 1 -17.7134318683 -3.69984972249 1.57339833087 17.587970465 59.871102888 
92 14.5532109737 -67.8917541504 -65.4592285156 -27.899230957 -25.8379184907 1 -17.7134318683 -3.69984972249 1.57339833087 17.587970465 59.871102888 
93 14.7116379738 -66.4512176514 -64.0186920166 -26.458694458 -25.0960685196 1 -17.9995900812 -2.4933943413 0.870884314311 17.587959013 59.87110814 
94 14.862883091 -65.0160293579 -62.5834999084 -25.0234985352 -23.7685304711 1 -17.9995899991 -2.49339432992 0.899800177825 17.587959013 59.87110814 
95 15.0462501049 -66.7546386719 -64.3221130371 -26.7621154785 -23.5562425903 1 -17.9995899991 -2.49339432992 0.899800177825 17.587959013 59.87110814 
96 15.2021420002 -68.1621170044 -65.7295913696 -28.169593811 -23.891947878 1 -17.9995885788 -2.49339413317 1.39983436921 17.587959013 59.87110814 
97 15.3505270481 -67.8859481812 -65.4534225464 -27.8934249878 -25.133575746 1 -17.9995885788 -2.49339413317 1.39983436921 17.587959013 59.87110814 
98 15.5130739212 -68.2076797485 -65.7751541138 -28.2151565552 -25.7024024807 1 -17.9995881869 -2.49339407889 1.53777934632 17.587959013 59.87110814 
99 15.6977250576 -69.2172470093 -66.7847213745 -29.2247238159 -25.9887820567 1 -17.9995881869 -2.49339407889 1.53777934632 17.587959013 59.87110814 
100 15.8563609123 -67.44871521 -65.0161895752 -27.4561920166 -25.7961046394 1 -17.8244955381 -1.25489005804 0.74477913862 17.587946022 59.871109429 
101 16.0060219765 -66.7360610962 -64.3035354614 -26.7435379028 -25.1962322244 1 -17.8244955381 -1.25489005804 0.74477913862 17.587946022 59.871109429 
102 16.15904212 -66.7119903564 -64.2794647217 -26.7194671631 -24.5616326162 1 -17.8244948217 -1.2548900076 0.999487477606 17.587946022 59.871109429 
103 16.3520989418 -67.6728515625 -65.2403259277 -27.6803283691 -24.618525298 1 -17.8244948217 -1.2548900076 0.999487477606 17.587946022 59.871109429 
104 16.5055520535 -67.2543106079 -64.8217849731 -27.2617874146 -24.7991074142 1 -17.8244949746 -1.25489001837 0.945107091297 17.587946022 59.871109429 
105 16.6587209702 -67.5932693481 -65.1607437134 -27.6007461548 -25.1209766111 1 -17.8244949746 -1.25489001837 0.945107091297 17.587946022 59.871109429 
106 16.8163659573 -67.865486145 -65.4329605103 -27.8729629517 -25.1784514351 1 -17.5888794329 0.0953687098028 1.10343053857 17.587931741 59.871110443 
107 17.0015060902 -69.5493850708 -67.116859436 -29.5568618774 -25.8030737471 1 -17.5888795143 0.0953687102443 1.07409140763 17.587931741 59.871110443 
108 17.1487989426 -67.4609298706 -65.0284042358 -27.4684066772 -25.7442489642 1 -17.5888795143 0.0953687102443 1.07409140763 17.587931741 59.871110443 
109 17.3030600548 -65.2718505859 -62.8393211365 -25.2793273926 -24.3925359017 1 -17.5888800329 0.0953687130559 0.887275700269 17.587931741 59.871110443 
110 17.4595119953 -65.3089294434 -62.8763999939 -25.31640625 -23.4258571357 1 -17.5888800329 0.0953687130559 0.887275700269 17.587931741 59.871110443 
111 17.6542088985 -66.9961700439 -64.5636444092 -27.0036468506 -23.3467727338 1 -17.588879144 0.0953687082363 1.20751249318 17.587919825 59.871111078 
112 17.796049118 -67.4944000244 -65.0618743896 -27.5018768311 -24.0097379769 1 -17.3696902582 1.21613710177 1.51204397145 17.587919825 59.871111078 
113 17.9531431198 -68.0202484131 -65.5877227783 -28.0277252197 -25.0854894156 1 -17.3696902582 1.21613710177 1.51204397145 17.587919825 59.871111078 
114 18.1053268909 -67.7414245605 -65.3088989258 -27.7489013672 -25.3633089799 1 -17.3696902582 1.21613710177 1.51204397145 17.587919825 59.871111078 
115 18.258136034 -67.7294692993 -65.2969436646 -27.736946106 -25.4481575718 1 -17.3696918617 1.21613721403 0.927070896976 17.587919825 59.871111078 
116 18.4142940044 -66.2555847168 -63.8230552673 -26.2630615234 -24.7452267141 1 -17.3696918617 1.21613721403 0.927070896976 17.587919825 59.871111078 
117 18.5706551075 -65.1636047363 -62.7310752869 -25.171081543 -23.7641314224 1 -17.3696914771 1.21613718711 1.06736473312 17.587919825 59.871111078 
118 18.7233719826 -66.952255249 -64.5197296143 -26.9597320557 -23.6191100633 1 -17.1883028492 2.34842609426 1.38845268929 17.587907892 59.87111207 
119 18.9075109959 -69.234703064 -66.8021774292 -29.2421798706 -24.1611106159 1 -17.1883028492 2.34842609426 1.38845268929 17.587907892 59.87111207 
120 19.0672659874 -69.7997970581 -67.3672714233 -29.8072738647 -25.9134853987 1 -17.188303902 2.3484262381 1.00032123878 17.587907892 59.87111207 
121 19.2194290161 -69.1859970093 -66.7534713745 -29.1934738159 -27.011394897 1 -17.188303902 2.3484262381 1.00032123878 17.587907892 59.87111207 
122 19.3759400845 -68.8050003052 -66.3724746704 -28.8124771118 -26.8476337888 1 -17.1883031166 2.34842613079 1.28987917286 17.587907892 59.87111207 
123 19.5364170074 -67.2588195801 -64.8262939453 -27.2662963867 -25.8698722178 1 -17.1883031166 2.34842613079 1.28987917286 17.587907892 59.87111207 
124 19.6944799423 -67.0797042847 -64.6471786499 -27.0871810913 -25.2110410629 1 -17.1883030579 2.34842612278 1.3115083482 17.587907892 59.87111207 
125 19.8502910137 -67.6807022095 -65.2481765747 -27.6881790161 -24.9472739959 1 -16.8778626099 3.69769012017 0.995919255755 17.587893424 59.871112427 
126 20.0093150139 -68.5354614258 -66.102935791 -28.5429382324 -25.3073077122 1 -16.8778626099 3.69769012017 0.995919255755 17.587893424 59.871112427 
127 20.1618499756 -68.4687271118 -66.0362014771 -28.4762039185 -25.8141994426 1 -16.8778622571 3.69769004288 1.12837245554 17.587893424 59.871112427 
128 20.3532090187 -68.6693878174 -66.2368621826 -28.676864624 -26.1781345098 1 -16.8778622571 3.69769004288 1.12837245554 17.587893424 59.871112427 
129 20.5039830208 -68.0276794434 -65.5951538086 -28.03515625 -25.9936724643 1 -16.8778616183 3.69768990292 1.36822593872 17.587893424 59.871112427 
130 20.6578550339 -66.8702774048 -64.43775177 -26.8777542114 -25.3472011029 1 -16.5859679402 5.15438232769 1.36822618571 17.587877918 59.871113191 
131 20.8442289829 -65.7674102783 -63.3348808289 -25.774887085 -24.31926001 1 -16.5859670342 5.15438204615 1.71435848045 17.587877918 59.871113191 
132 21.027187109 -68.5530853271 -66.1205596924 -28.5605621338 -24.405241253 1 -16.5859682807 5.15438243353 1.23811363772 17.587877918 59.871113191 
133 21.1824231148 -68.6143875122 -66.1818618774 -28.6218643188 -24.8277524571 1 -16.5859682807 5.15438243353 1.23811363772 17.587877918 59.871113191 
134 21.338643074 -69.1213150024 -66.6887893677 -29.1287918091 -26.3702868082 1 -16.5859673599 5.15438214738 1.58990891664 17.587877918 59.871113191 
135 21.5205581188 -69.2109146118 -66.7783889771 -29.2183914185 -26.5878099073 1 -16.5859673599 5.15438214738 1.58990891664 17.587877918 59.871113191 
136 21.7044239044 -68.7793807983 -66.3468551636 -28.786857605 -26.6509874846 1 -16.1928140286 6.42231354408 1.53786445007 17.587864055 59.871112639 
137 21.8614289761 -67.0116729736 -64.5791473389 -27.0191497803 -25.7352476322 1 -16.1928140286 6.42231354408 1.53786445007 17.587864055 59.871112639 
138 22.0125050545 -66.8225860596 -64.3900604248 -26.8300628662 -25.0000847638 1 -16.1928141557 6.42231359446 1.48815388314 17.587864055 59.871112639 
139 22.1782469749 -67.7524871826 -65.3199615479 -27.7599639893 -24.7818646294 1 -16.1928136416 6.42231339056 1.68933256123 17.587864055 59.871112639 
140 22.3608999252 -68.3347854614 -65.9022598267 -28.3422622681 -25.1678326839 1 -16.1928136416 6.42231339056 1.68933256123 17.587864055 59.871112639 
141 22.5139789581 -67.2581329346 -64.8256072998 -27.2656097412 -25.3596106004 1 -16.1928149941 6.42231392699 1.16004526072 17.587864055 59.871112639 
142 22.6683220863 -67.4291229248 -64.99659729 -27.4365997314 -25.2471338538 1 -15.6978453936 7.72927421203 1.16004547501 17.587849529 59.871111285 
143 22.8232989311 -67.0451965332 -64.6126708984 -27.0526733398 -24.8603277161 1 -15.6978453151 7.7292741734 1.19171790189 17.587849529 59.871111285 
144 23.0085630417 -66.6723251343 -64.2397994995 -26.6798019409 -24.648844574 1 -15.6978453151 7.7292741734 1.19171790189 17.587849529 59.871111285 
145 23.1632840633 -66.3810806274 -63.948551178 -26.3885498047 -24.3045290107 1 -15.6978449287 7.72927398312 1.3477172111 17.587849529 59.871111285 
146 23.3191690445 -68.3270339966 -65.8945083618 -28.3345108032 -24.5963835206 1 -15.6978449287 7.72927398312 1.3477172111 17.587849529 59.871111285 
147 23.4760429859 -68.4559173584 -66.0233917236 -28.463394165 -25.1209413733 1 -15.6978457531 7.72927438904 1.01492207006 17.587849529 59.871111285 
148 23.6549808979 -69.0660934448 -66.6335678101 -29.0735702515 -26.215091545 1 -15.6978457531 7.72927438904 1.01492207006 17.587849529 59.871111285 
149 23.8121170998 -68.5359115601 -66.1033859253 -28.5433883667 -26.2914578644 1 -15.0622043506 9.14857294423 1.20507718046 17.587833496 59.871108956 
150 23.9653480053 -67.4628829956 -65.0303573608 -27.4703598022 -25.8716932792 1 -15.0622043506 9.14857294423 1.20507718046 17.587833496 59.871108956 
151 24.1224689484 -66.5124511719 -64.0799255371 -26.5199279785 -24.9724637611 1 -15.0622038613 9.14857264703 1.41092882982 17.587833496 59.871108956 
152 24.3095760345 -67.8326339722 -65.4001083374 -27.8401107788 -24.817724595 1 -15.0622027044 9.14857194434 1.89765394043 17.587833496 59.871108956 
153 24.4593780041 -68.3085403442 -65.8760147095 -28.3160171509 -25.0346732086 1 -15.0622027044 9.14857194434 1.89765394043 17.587833496 59.871108956 
154 24.6218290329 -68.6802215576 -66.2476959229 -28.6876983643 -25.8678302283 1 -15.0622039585 9.14857270606 1.3700429615 17.587833496 59.871108956 
155 24.7679400444 -68.5584411621 -66.1259155273 -28.5659179688 -26.132045469 1 -14.3629342549 10.4777673691 1.37004339601 17.587818207 59.871105865 
156 24.9652988911 -68.717048645 -66.2845230103 -28.7245254517 -26.2727106264 1 -14.3629340882 10.4777672475 1.44357955979 17.587818207 59.871105865 
157 25.0611250401 -68.9849319458 -66.552406311 -28.9924087524 -26.3682750692 1 -14.3629340882 10.4777672475 1.44357955979 17.587818207 59.871105865 
158 25.2539389133 -68.2610168457 -65.8284912109 -28.2684936523 -26.2554011845 1 -14.3629345729 10.4777676011 1.22972984991 17.587818207 59.871105865 
159 25.4021699429 -68.067855835 -65.6353302002 -28.0753326416 -26.0253240483 1 -14.3629345729 10.4777676011 1.22972984991 17.587818207 59.871105865 
160 25.593380928 -68.700302124 -66.2677764893 -28.7077789307 -25.9491171433 1 -14.3629341135 10.4777672659 1.43241840694 17.587818207 59.871105865 
161 25.7553169727 -69.0027084351 -66.5701828003 -29.0101852417 -26.1765387095 1 -13.6735668888 11.6007807551 1.35765474887 17.58780503 59.871102391 
162 25.9042050838 -69.0464019775 -66.6138763428 -29.0538787842 -26.5328062166 1 -13.6735668888 11.6007807551 1.35765474887 17.58780503 59.871102391 
163 26.0613250732 -68.9135971069 -66.4810714722 -28.9210739136 -26.6087341976 1 -13.6735682705 11.6007819273 0.717323560116 17.58780503 59.871102391 
164 26.2464959621 -68.3729629517 -65.9404373169 -28.3804397583 -26.3795171333 1 -13.6735682705 11.6007819273 0.717323560116 17.58780503 59.871102391 
165 26.3768019676 -67.8152236938 -65.3826980591 -27.8227005005 -25.9430145462 1 -13.6735674433 11.6007812255 1.10069356853 17.58780503 59.871102391 
166 26.5329349041 -67.0080795288 -64.575553894 -27.0155563354 -25.2809351086 1 -13.6735674433 11.6007812255 1.10069356853 17.58780503 59.871102391 
167 26.6884460449 -67.7180328369 -65.2855072021 -27.7255096436 -25.1048571013 1 -13.0706946949 12.8542483524 1.42788255315 17.587790761 59.871099971 
168 26.8727400303 -68.3519439697 -65.919418335 -28.3594207764 -25.245327079 1 -13.0706946949 12.8542483524 1.42788255315 17.587790761 59.871099971 
169 27.0251259804 -67.7596435547 -65.3271179199 -27.7671203613 -25.5464126755 1 -13.0706955933 12.8542492359 0.992338143216 17.587790761 59.871099971 
170 27.176281929 -68.6664047241 -66.2338790894 -28.6738815308 -25.848122858 1 -13.0706944799 12.8542481409 1.53212172258 17.587790761 59.871099971 
171 27.3628470898 -68.930770874 -66.4982452393 -28.9382476807 -26.0141536881 1 -13.0706944799 12.8542481409 1.53212172258 17.587790761 59.871099971 
172 27.5502660275 -68.051322937 -65.6187973022 -28.0587997437 -26.1394505944 1 -13.0706948236 12.8542484789 1.36550510623 17.587790761 59.871099971 
173 27.7053489685 -66.8336257935 -64.4011001587 -26.8411026001 -25.3893056335 1 -12.4604886761 14.3971008397 1.36550719294 17.587773545 59.871098146 
174 27.8622701168 -67.7790374756 -65.3465118408 -27.7865142822 -25.111501286 1 -12.4604885115 14.3971006495 1.44923191009 17.587773545 59.871098146 
175 28.0147109032 -68.6650085449 -66.2324829102 -28.6724853516 -25.2536352576 1 -12.4604885115 14.3971006495 1.44923191009 17.587773545 59.871098146 
176 28.1978340149 -69.7621994019 -67.3296737671 -29.7696762085 -26.2106715214 1 -12.4604894389 14.397101721 0.977596238146 17.587773545 59.871098146 
177 28.3562459946 -69.6514053345 -67.2188796997 -29.6588821411 -26.9229307571 1 -12.4604894389 14.397101721 0.977596238146 17.587773545 59.871098146 
178 28.5084989071 -69.3749237061 -66.9423980713 -29.3824005127 -27.211872449 1 -12.4604882667 14.3971003667 1.57370829625 17.587773545 59.871098146 
179 28.6613099575 -68.2936630249 -65.8611373901 -28.3011398315 -26.6461277949 1 -11.8345680602 15.6223283575 1.41301842439 17.587759501 59.87109546 
180 28.8494999409 -68.1331710815 -65.7006454468 -28.1406478882 -26.1568299452 1 -11.8345680602 15.6223283575 1.41301842439 17.587759501 59.87109546 
181 29.0106880665 -68.8679733276 -66.4354476929 -28.8754501343 -26.0312518559 1 -11.8345685802 15.622329044 1.1345746492 17.587759501 59.87109546 
182 29.1669020653 -68.8849563599 -66.4524307251 -28.8924331665 -26.2213180901 1 -11.8345685802 15.622329044 1.1345746492 17.587759501 59.87109546 
183 29.3246490955 -69.1335601807 -66.7010345459 -29.1410369873 -26.5806859432 1 -11.8345690807 15.6223297047 0.866584898575 17.587759501 59.87109546 
184 29.503715992 -69.5099334717 -67.0774078369 -29.5174102783 -26.7829940848 1 -11.8345690807 15.6223297047 0.866584898575 17.587759501 59.87109546 
185 29.6392500401 -69.9506225586 -67.5180969238 -29.9580993652 -27.1277707079 1 -11.8345689395 15.6223295183 0.94218733492 17.587759501 59.87109546 
186 29.7969150543 -68.9828338623 -66.5503082275 -28.9903106689 -27.066874286 1 -11.0566748183 16.7596603141 0.942188835851 17.587745946 59.871091244 
187 29.9504311085 -67.9727935791 -65.5402679443 -27.9802703857 -26.4425340988 1 -11.0566744154 16.7596597032 1.17313866389 17.587745946 59.871091244 
188 30.13539505 -68.7156829834 -66.2831573486 -28.72315979 -26.1357557758 1 -11.0566744154 16.7596597032 1.17313866389 17.587745946 59.871091244 
189 30.2891879082 -68.4524612427 -66.0199356079 -28.4599380493 -25.9801129495 1 -11.0566740639 16.7596591704 1.374599125 17.587745946 59.871091244 
190 30.4351110458 -67.9572143555 -65.5246887207 -27.9646911621 -25.973897801 1 -11.0566739372 16.7596589785 1.44717119174 17.587745946 59.871091244 
191 30.5893199444 -68.7409286499 -66.3084030151 -28.7484054565 -25.9809857555 1 -10.3130925862 17.7024016746 1.44717250147 17.58773445 59.871086885 
192 30.7732460499 -69.3891906738 -66.9566650391 -29.3966674805 -26.2386313898 1 -10.3130926402 17.7024017673 1.41398456558 17.58773445 59.871086885 
193 30.9079539776 -69.3120574951 -66.8795318604 -29.3195343018 -26.7494879864 1 -10.3130926402 17.7024017673 1.41398456558 17.58773445 59.871086885 
194 31.0618350506 -68.742515564 -66.3099899292 -28.7499923706 -26.7501199244 1 -10.3130922383 17.7024010775 1.66089332662 17.58773445 59.871086885 
195 31.208812952 -69.1347732544 -66.7022476196 -29.142250061 -26.6717646278 1 -10.3130922383 17.7024010775 1.66089332662 17.58773445 59.871086885 
196 31.3986060619 -70.5862731934 -68.1537475586 -30.59375 -26.9770088641 1 -10.3130923269 17.7024012295 1.60650175098 17.58773445 59.871086885 
197 31.5489239693 -69.9609451294 -67.5284194946 -29.968421936 -27.4340390302 1 -10.3130923269 17.7024012295 1.60650175098 17.58773445 59.871086885 
198 31.7170159817 -70.2426376343 -67.8101119995 -30.2501144409 -27.8701971579 1 -9.6050442578 18.5161114756 1.35408140321 17.587724353 59.871082543 
199 31.8635120392 -69.7697525024 -67.3372268677 -29.7772293091 -27.6043636324 1 -9.6050442578 18.5161114756 1.35408140321 17.587724353 59.871082543 
200 32.0469899178 -70.4541931152 -68.0216674805 -30.4616699219 -27.7582352199 1 -9.60504434005 18.5161116342 1.29981844836 17.587724353 59.871082543 
201 32.1969749928 -69.7321014404 -67.2995758057 -29.7395782471 -27.5828288282 1 -9.60504434005 18.5161116342 1.29981844836 17.587724353 59.871082543 
202 32.353302002 -68.1845626831 -65.7520370483 -28.1920394897 -26.8656449412 1 -9.60504359027 18.5161101888 1.79447885876 17.587724353 59.871082543 
203 32.5019578934 -69.1246414185 -66.6921157837 -29.1321182251 -26.5410412135 1 -9.60504465547 18.5161122422 1.09172450998 17.587724353 59.871082543 
204 32.6640400887 -70.8132781982 -68.3807525635 -30.8207550049 -26.7456126155 1 -9.60504465547 18.5161122422 1.09172450998 17.587724353 59.871082543 
205 32.8247859478 -69.6988372803 -67.2663116455 -29.7063140869 -27.3933883451 1 -8.9644498168 18.9613962181 0.526783611854 17.587718161 59.871077952 
206 32.9558401108 -70.1526260376 -67.7201004028 -30.1601028442 -27.7962475953 1 -8.9644498168 18.9613962181 0.526783611854 17.587718161 59.871077952 
207 33.1270139217 -71.4238967896 -68.9913711548 -31.4313735962 -27.9326446317 1 -8.96444910273 18.9613947077 1.03154921 17.587718161 59.871077952 
208 33.303812027 -72.3158798218 -69.883354187 -32.3233566284 -28.7366701165 1 -8.96444910273 18.9613947077 1.03154921 17.587718161 59.871077952 
209 33.456097126 -71.0817642212 -68.6492385864 -31.0892410278 -29.16953857 1 -8.96444892507 18.9613943319 1.15713462183 17.587718161 59.871077952 
210 33.6037321091 -70.1081085205 -67.6755828857 -30.1155853271 -28.6099579733 1 -8.96444892507 18.9613943319 1.15713462183 17.587718161 59.871077952 
211 33.7690079212 -70.2081985474 -67.7756729126 -30.215675354 -28.0460605155 1 -8.22198049885 19.7936232582 0.763541936039 17.587707786 59.871073351 
212 33.9522299767 -67.9667434692 -65.5342178345 -27.9742202759 -26.7849590366 1 -8.22198049885 19.7936232582 0.763541936039 17.587707786 59.871073351 
213 34.0804550648 -67.6234054565 -65.1908798218 -27.6308822632 -25.9607550888 1 -8.22197964757 19.7936212089 1.41963162137 17.587707786 59.871073351 
214 34.232254982 -69.5104751587 -67.0779495239 -29.5179519653 -25.8477777149 1 -8.2219797705 19.7936215048 1.32489159808 17.587707786 59.871073351 
215 34.3852119446 -71.4125213623 -68.9799957275 -31.4199981689 -26.6184237889 1 -8.2219797705 19.7936215048 1.32489159808 17.587707786 59.871073351 
216 34.5715661049 -70.8589019775 -68.4263763428 -30.8663787842 -28.0634427992 1 -8.22197930951 19.793620395 1.68018345151 17.587707786 59.871073351 
217 34.7271931171 -69.4281082153 -66.9955825806 -29.435585022 -28.0208974236 1 -7.41137981763 20.9002954801 1.68018600476 17.587694455 59.871068779 
218 34.8780050278 -68.2305831909 -65.7980575562 -28.2380599976 -26.8740052209 1 -7.41138093089 20.9002986195 0.728336821181 17.587694455 59.871068779 
219 35.0350620747 -68.099029541 -65.6665039062 -28.1065063477 -26.1312320119 1 -7.41138093089 20.9002986195 0.728336821181 17.587694455 59.871068779 
220 35.1963300705 -69.3639678955 -66.9314422607 -29.3714447021 -26.1170651753 1 -7.41138063714 20.9002977911 0.979495453126 17.587694455 59.871068779 
221 35.3560180664 -68.7677307129 -66.3352050781 -28.7752075195 -26.3040700156 1 -7.41138063714 20.9002977911 0.979495453126 17.587694455 59.871068779 
222 35.5173490047 -68.6867370605 -66.2542114258 -28.6942138672 -26.5410492943 1 -7.41138008806 20.9002962427 1.44896220396 17.587694455 59.871068779 
223 35.6608130932 -69.5222396851 -67.0897140503 -29.5297164917 -26.5829067088 1 -6.59556484485 21.7491127656 1.4489641591 17.587683719 59.871063574 
224 35.8217511177 -69.6309814453 -67.1984558105 -29.638458252 -26.859317974 1 -6.595565324 21.7491143456 0.988615719113 17.587683719 59.871063574 
225 35.9787669182 -68.4767913818 -66.0442657471 -28.4842681885 -26.7666370381 1 -6.595565324 21.7491143456 0.988615719113 17.587683719 59.871063574 
226 36.1356270313 -68.4217605591 -65.9892349243 -28.4292373657 -26.3982595225 1 -6.59556515676 21.7491137941 1.14929139742 17.587683719 59.871063574 
227 36.2861690521 -69.4223175049 -66.9897918701 -29.4297943115 -26.3495558553 1 -6.59556488571 21.7491129003 1.40971607635 17.587683719 59.871063574 
228 36.4708199501 -69.5958633423 -67.1633377075 -29.6033401489 -26.7041935964 1 -6.59556488571 21.7491129003 1.40971607635 17.587683719 59.871063574 
229 36.618060112 -69.4196166992 -66.9870910645 -29.4270935059 -27.0995851966 1 -6.59556504986 21.7491134416 1.25200518118 17.587683719 59.871063574 
230 36.7737650871 -69.5417327881 -67.1092071533 -29.5492095947 -27.1396843338 1 -5.72769150367 22.0875869782 1.25200550709 17.587678009 59.871056751 
231 36.9250969887 -69.9689559937 -67.5364303589 -29.9764328003 -27.2528133782 1 -5.72769129066 22.0875861567 1.48766516251 17.587678009 59.871056751 
232 37.1187169552 -69.0276565552 -66.5951309204 -29.0351333618 -27.1004617533 1 -5.72769129066 22.0875861567 1.48766516251 17.587678009 59.871056751 
233 37.2708060741 -68.1882705688 -65.7557449341 -28.1957473755 -26.5642611168 1 -5.72769113021 22.087585538 1.66517936273 17.587678009 59.871056751 
234 37.4197731018 -67.7001190186 -65.2675933838 -27.7075958252 -25.8603196491 1 -5.72769113021 22.087585538 1.66517936273 17.587678009 59.871056751 
235 37.5826969147 -69.4036407471 -66.9711151123 -29.4111175537 -25.9418421585 1 -5.72769117714 22.087585719 1.61325966426 17.587678009 59.871056751 
236 37.7632210255 -71.0954666138 -68.662940979 -31.1029434204 -26.599579039 1 -4.91289635871 22.4276200485 1.61326017439 17.587672423 59.871050396 
237 37.9140911102 -70.9068222046 -68.4742965698 -30.9142990112 -27.9506510577 1 -4.91289649207 22.4276206573 1.44125147406 17.587672423 59.871050396 
238 38.0659720898 -71.6767807007 -69.2442550659 -31.6842575073 -28.8242340405 1 -4.91289649207 22.4276206573 1.44125147406 17.587672423 59.871050396 
239 38.2207200527 -72.2956085205 -69.8630828857 -32.3030853271 -29.1737551668 1 -4.91289721261 22.4276239466 0.511876196434 17.587672423 59.871050396 
240 38.4124290943 -70.7931976318 -68.3606719971 -30.8006744385 -29.1220428492 1 -4.91289657643 22.4276210424 1.3324436952 17.587672423 59.871050396 
241 38.5575609207 -69.9294128418 -67.496887207 -29.9368896484 -28.42292941 1 -4.91289657643 22.4276210424 1.3324436952 17.587672423 59.871050396 
242 38.712141037 -71.0193710327 -68.5868453979 -31.0268478394 -28.1499245513 1 -4.07565264462 23.0681315077 0.744069312879 17.587663738 59.871044529 
243 38.8642570972 -71.1716079712 -68.7390823364 -31.1790847778 -28.2548724866 1 -4.07565264462 23.0681315077 0.744069312879 17.587663738 59.871044529 
244 39.0515649319 -71.0186157227 -68.5860900879 -31.0260925293 -28.690553108 1 -4.0756521947 23.0681289611 1.4435968047 17.587663738 59.871044529 
245 39.2102050781 -70.2941207886 -67.8615951538 -30.3015975952 -28.4151675927 1 -4.0756521351 23.0681286238 1.53626546285 17.587663738 59.871044529 
246 39.3641560078 -71.5539016724 -69.1213760376 -31.561378479 -28.5156179225 1 -4.0756521351 23.0681286238 1.53626546285 17.587663738 59.871044529 
247 39.5192949772 -72.6201171875 -70.1875915527 -32.6275939941 -28.9050602973 1 -4.07565260465 23.0681312815 0.806202685183 17.587663738 59.871044529 
248 39.7056360245 -71.7124481201 -69.2799224854 -31.7199249268 -29.5358457621 1 -3.25905108887 23.6210009714 0.806204249768 17.587655994 59.871038643 
249 39.8618741035 -70.5673904419 -68.1348648071 -30.5748672485 -29.0929210304 1 -3.2590507479 23.6209985001 1.46918254183 17.587655994 59.871038643 
250 40.0157570839 -70.4454040527 -68.012878418 -30.4528808594 -28.4603018675 1 -3.2590507479 23.6209985001 1.46918254183 17.587655994 59.871038643 
251 40.1687650681 -70.118598938 -67.6860733032 -30.1260757446 -27.9906249923 1 -3.25905061168 23.6209975128 1.73404055347 17.587655994 59.871038643 
252 40.362459898 -70.3613510132 -67.9288253784 -30.3688278198 -27.9258547371 1 -3.25905061168 23.6209975128 1.73404055347 17.587655994 59.871038643 
253 40.5084350109 -71.0098266602 -68.5773010254 -31.0173034668 -28.0869137966 1 -3.25905091248 23.620999693 1.14916092894 17.587655994 59.871038643 
254 40.6587450504 -71.6272659302 -69.1947402954 -31.6347427368 -28.5601265572 1 -3.25905091248 23.620999693 1.14916092894 17.587655994 59.871038643 
255 40.8143949509 -71.2745819092 -68.8420562744 -31.2820587158 -28.9111557623 1 -2.41732071628 23.9424555901 1.57690649638 17.587650525 59.87103201 
256 41.0026938915 -71.6122894287 -69.1797637939 -31.6197662354 -29.120374371 1 -2.41732071628 23.9424555901 1.57690649638 17.587650525 59.87103201 
257 41.153801918 -71.8540649414 -69.4215393066 -31.861541748 -29.1891033247 1 -2.41732072017 23.9424556286 1.56671375491 17.587650525 59.87103201 
258 41.3027601242 -72.5682067871 -70.1356811523 -32.5756835938 -29.5968546025 1 -2.41732075379 23.9424559616 1.47856721203 17.587650525 59.87103201 
259 41.4569981098 -72.1307983398 -69.6982727051 -32.1382751465 -29.786608859 1 -2.41732075379 23.9424559616 1.47856721203 17.587650525 59.87103201 
260 41.6445801258 -72.6403579712 -70.2078323364 -32.6478347778 -30.0564071038 1 -2.41732102231 23.9424586212 0.774677679873 17.587650525 59.87103201 
261 41.7954449654 -73.8967285156 -71.4642028809 -33.9042053223 -30.3926088771 1 -1.58026908866 24.1138034615 0.77467806532 17.587646587 59.871025076 
262 41.9511010647 -73.6281280518 -71.195602417 -33.6356048584 -30.9404495157 1 -1.58026904887 24.1138028542 0.934273151463 17.587646587 59.871025076 
263 42.103276968 -72.4826812744 -70.0501556396 -32.4901580811 -30.867199463 1 -1.58026904887 24.1138028542 0.934273151463 17.587646587 59.871025076 
264 42.2900619507 -71.9445953369 -69.5120697021 -31.9520721436 -30.1997800346 1 -1.58026890832 24.1138007096 1.49786200807 17.587646587 59.871025076 
265 42.4421041012 -71.7782897949 -69.3457641602 -31.7857666016 -29.6701558742 1 -1.58026892103 24.1138009035 1.44689730165 17.587646587 59.871025076 
266 42.5927150249 -72.5090866089 -70.0765609741 -32.5165634155 -29.6773300265 1 -1.58026892103 24.1138009035 1.44689730165 17.587646587 59.871025076 
267 42.7558178902 -72.5899047852 -70.1573791504 -32.5973815918 -29.8825630479 1 -0.767302119785 24.3541833882 0.978221940926 17.587642014 59.87101851 
268 42.9098649025 -74.344619751 -71.9120941162 -34.3520965576 -30.6219434656 1 -0.767302119785 24.3541833882 0.978221940926 17.587642014 59.87101851 
269 43.068641901 -75.7699356079 -73.3374099731 -35.7774124146 -31.4748225273 1 -0.767302084034 24.3541822535 1.27347959966 17.587642014 59.87101851 
270 43.2220599651 -73.7743377686 -71.3418121338 -33.7818145752 -32.1015726445 1 -0.767302084034 24.3541822535 1.27347959966 17.587642014 59.87101851 
271 43.3803150654 -71.5387954712 -69.1062698364 -31.5462722778 -30.6662944075 1 -0.767302045243 24.3541810223 1.59383491766 17.587642014 59.87101851 
272 43.5427150726 -72.5497207642 -70.1171951294 -32.5571975708 -30.0574977089 1 -0.767302045243 24.3541810223 1.59383491766 17.587642014 59.87101851 
273 43.689371109 -74.0265731812 -71.5940475464 -34.0340499878 -30.1007773907 1 0.0468957090542 24.4649528029 1.65595372278 17.587638749 59.871011638 
274 43.8506278992 -74.0567474365 -71.6242218018 -34.0642242432 -31.0454060442 1 0.0468957090542 24.4649528029 1.65595372278 17.587638749 59.871011638 
275 44.0049760342 -73.4124450684 -70.9799194336 -33.419921875 -31.4329022154 1 0.0468957090358 24.4649527934 1.65843333669 17.587638749 59.871011638 
276 44.1864030361 -74.121711731 -71.6891860962 -34.1291885376 -31.4611817814 1 0.0468957090358 24.4649527934 1.65843333669 17.587638749 59.871011638 
277 44.3487861156 -73.2199935913 -70.7874679565 -33.2274703979 -31.1732826896 1 0.0468957149565 24.4649558821 0.85840056502 17.587638749 59.871011638 
278 44.5002501011 -71.9266662598 -69.494140625 -31.9341430664 -30.5231409313 1 0.0468957105178 24.4649535665 1.45817812717 17.587638749 59.871011638 
279 44.6525609493 -71.3100814819 -68.8775558472 -31.3175582886 -29.6374854775 1 0.0468957105178 24.4649535665 1.45817812717 17.587638749 59.871011638 
280 44.8337230682 -72.8107452393 -70.3782196045 -32.8182220459 -29.5529428668 1 0.946238099141 24.6758311768 1.33258504329 17.587634247 59.871004249 
281 44.9882290363 -71.8136672974 -69.3811416626 -31.821144104 -29.5145423033 1 0.946238099141 24.6758311768 1.33258504329 17.587634247 59.871004249 
282 45.1420900822 -71.7133026123 -69.2807769775 -31.7207794189 -29.6811902504 1 0.946238163579 24.6758328572 0.901054132358 17.587634247 59.871004249 
283 45.2975070477 -72.233253479 -69.8007278442 -32.2407302856 -29.5305246773 1 0.946238163579 24.6758328572 0.901054132358 17.587634247 59.871004249 
284 45.4796729088 -73.3207168579 -70.8881912231 -33.3281936646 -29.946337602 1 0.946238072283 24.6758304764 1.51244935169 17.587634247 59.871004249 
285 45.6388809681 -71.9735488892 -69.5410232544 -31.9810256958 -30.0574586 1 0.946238072283 24.6758304764 1.51244935169 17.587630964 59.870996967 
286 45.7879219055 -70.9042358398 -68.4717102051 -30.9117126465 -29.4729695731 1 1.80475235064 24.7768456929 1.33700687261 17.587630964 59.870996967 
287 45.935931921 -71.2522964478 -68.819770813 -31.2597732544 -28.95436072 1 1.80475238156 24.7768461173 1.22846458427 17.587630964 59.870996967 
288 46.1226670742 -72.4308547974 -69.9983291626 -32.438331604 -29.0591661741 1 1.80475238156 24.7768461173 1.22846458427 17.587630964 59.870996967 
289 46.2749481201 -72.2526245117 -69.820098877 -32.2601013184 -29.5358357189 1 1.80475234833 24.7768456611 1.34512717966 17.587630964 59.870996967 
290 46.4309749603 -72.0665893555 -69.6340637207 -32.0740661621 -29.8668004397 1 1.80475234833 24.7768456611 1.34512717966 17.587630964 59.870996967 
291 46.5918929577 -72.2047576904 -69.7722320557 -32.2122344971 -29.7950865109 1 1.80475241505 24.7768465771 1.11085892576 17.587630964 59.870996967 
292 46.7725639343 -73.3134460449 -70.8809204102 -33.3209228516 -30.0830557119 1 2.53991045037 24.6485307408 1.11085867741 17.587630326 59.870990242 
293 46.9402709007 -73.4074020386 -70.9748764038 -33.4148788452 -30.5250449274 1 2.53991056922 24.6485318942 0.814320132614 17.587630326 59.870990242 
294 47.0850169659 -72.5179748535 -70.0854492188 -32.5254516602 -30.6634754512 1 2.53991056922 24.6485318942 0.814320132614 17.587630326 59.870990242 
295 47.244437933 -72.012802124 -69.5802764893 -32.0202789307 -30.1941942729 1 2.53991045854 24.6485308201 1.09046184866 17.587630326 59.870990242 
296 47.4241440296 -74.0810470581 -71.6485214233 -34.0885238647 -30.3297619145 1 2.53991045854 24.6485308201 1.09046184866 17.587630326 59.870990242 
297 47.5847520828 -74.0234375 -71.5909118652 -34.0309143066 -30.7657987514 1 2.53991036381 24.6485299008 1.32681182345 17.587630326 59.870990242 
298 47.7408781052 -73.8981170654 -71.4655914307 -33.9055938721 -31.6213885254 1 3.1512139275 24.3851130705 1.32681107949 17.587631381 59.870984293 
299 47.9025709629 -73.6726913452 -71.2401657104 -33.6801681519 -31.4817366211 1 3.15121406755 24.3851141542 1.04518063571 17.587631381 59.870984293 
300 48.062680006 -74.9534072876 -72.5208816528 -34.9608840942 -31.7291702117 1 3.15121409071 24.3851143334 0.998621134189 17.587631381 59.870984293 
301 48.2203540802 -74.111366272 -71.6788406372 -34.1188430786 -31.8050308076 1 3.15121409071 24.3851143334 0.998621134189 17.587631381 59.870984293 
302 48.3666040897 -72.8225860596 -70.3900604248 -32.8300628662 -31.4054076756 1 3.15121379128 24.3851120164 1.60073137306 17.587631381 59.870984293 
303 48.5184381008 -71.6383132935 -69.2057876587 -31.6457901001 -30.2522515454 1 3.15121379128 24.3851120164 1.60073137306 17.587631381 59.870984293 
304 48.706952095 -72.2074279785 -69.7749023438 -32.2149047852 -29.7913132079 1 3.9128030339 24.2819412299 1.54853641417 17.587630419 59.870977394 
305 48.8545229435 -72.4573287964 -70.0248031616 -32.464805603 -29.6953175486 1 3.9128030339 24.2819412299 1.54853641417 17.587630419 59.870977394 
306 49.0169959068 -71.8037643433 -69.3712387085 -31.8112411499 -29.7611902658 1 3.91280319998 24.2819422605 1.27957896999 17.587630419 59.870977394 
307 49.1629939079 -72.1131439209 -69.6806182861 -32.1206207275 -29.730282795 1 3.91280296128 24.2819407792 1.66614731366 17.587630419 59.870977394 
308 49.3522100449 -73.8740921021 -71.4415664673 -33.8815689087 -30.0477920305 1 3.91280296128 24.2819407792 1.66614731366 17.587630419 59.870977394 
309 49.5081679821 -73.3529052734 -70.9203796387 -33.3603820801 -30.6052495909 1 3.91280296128 24.2819407792 1.66614731366 17.587630419 59.870977394 
310 49.6576340199 -75.1442108154 -72.7116851807 -35.1516876221 -31.6238463233 1 4.38707371179 24.3060526765 1.38793678053 17.587628926 59.870973299 
311 49.8191070557 -74.704208374 -72.2716827393 -34.7116851807 -31.8825721521 1 4.38707394454 24.306053966 1.05174780145 17.587628926 59.870973299 
312 50.001240015 -74.16746521 -71.7349395752 -34.1749420166 -32.256986024 1 4.38707394454 24.306053966 1.05174780145 17.587628926 59.870973299 
313 50.1523969173 -74.3196029663 -71.8870773315 -34.3270797729 -32.0074236607 1 4.38707382926 24.3060533273 1.21826638056 17.587628926 59.870973299 
314 50.3102710247 -73.8351593018 -71.402633667 -33.8426361084 -31.7197460285 1 4.38707382926 24.3060533273 1.21826638056 17.587628926 59.870973299 
315 50.4745779037 -74.6418457031 -72.2093200684 -34.6493225098 -31.8618633682 1 4.38707378713 24.3060530939 1.27911501999 17.587628926 59.870973299 
316 50.6649770737 -74.8104171753 -72.3778915405 -34.8178939819 -32.0078222921 1 4.38707378713 24.3060530939 1.27911501999 17.587628926 59.870973299 
317 50.8153750896 -76.2955551147 -73.86302948 -36.3030319214 -32.7552955815 1 4.56516231062 24.3237425329 1.53942951279 17.587628278 59.870971781 
318 50.9713129997 -76.8061447144 -74.3736190796 -36.813621521 -33.4201062194 1 4.56516257251 24.3237439282 1.17591412 17.587628278 59.870971781 
319 51.1162199974 -76.6914291382 -74.2589035034 -36.6989059448 -34.2083702841 1 4.56516257251 24.3237439282 1.17591412 17.587628278 59.870971781 
320 51.3029038906 -76.6465606689 -74.2140350342 -36.6540374756 -34.3355475479 1 4.56516227152 24.3237423245 1.59370068602 17.587628278 59.870971781 
321 51.4579811096 -75.6103897095 -73.1778640747 -35.6178665161 -33.8779219178 1 4.56516227152 24.3237423245 1.59370068602 17.587628278 59.870971781 
322 51.6134049892 -75.2711181641 -72.8385925293 -35.2785949707 -33.390124577 1 4.56516266017 24.3237443953 1.05423133354 17.587628278 59.870971781 
323 51.7721550465 -75.296585083 -72.8640594482 -35.3040618896 -33.0091805392 1 4.72165829967 23.8796221177 1.05422975915 17.587632359 59.8709694 
324 51.9513530731 -76.1373519897 -73.704826355 -36.1448287964 -33.1546864374 1 4.72165786631 23.879619926 1.63583691402 17.587632359 59.8709694 
325 52.0914471149 -76.621887207 -74.1893615723 -36.6293640137 -33.5702062207 1 4.72165786631 23.879619926 1.63583691402 17.587632359 59.8709694 
326 52.2505691051 -77.2383575439 -74.8058319092 -37.2458343506 -34.2417051629 1 4.72165810091 23.8796211125 1.32097841079 17.587632359 59.8709694 
327 52.405477047 -76.3199996948 -73.8874740601 -36.3274765015 -34.3158786982 1 4.72165827033 23.8796219693 1.0936092778 17.587632359 59.8709694 
328 52.5949220657 -75.5187301636 -73.0862045288 -35.5262069702 -33.8696760339 1 4.72165827033 23.8796219693 1.0936092778 17.587632359 59.8709694 
329 52.7503731251 -74.6424407959 -72.2099151611 -34.6499176025 -33.0082401551 1 4.89915848336 23.6557913556 1.18753500338 17.587634156 59.870967337 
330 52.9043669701 -75.1420669556 -72.7095413208 -35.1495437622 -32.6931138431 1 4.89915848336 23.6557913556 1.18753500338 17.587634156 59.870967337 
331 53.0571060181 -75.900932312 -73.4684066772 -35.9084091187 -32.7903212171 1 4.89915868705 23.6557923391 0.924071999609 17.587634156 59.870967337 
332 53.2505509853 -76.0038986206 -73.5713729858 -36.0113754272 -33.2689679734 1 4.89915868705 23.6557923391 0.924071999609 17.587634156 59.870967337 
333 53.3994650841 -75.3953094482 -72.9627838135 -35.4027862549 -33.3719109907 1 4.89915814838 23.6557897381 1.62081427491 17.587634156 59.870967337 
334 53.5456669331 -74.9527053833 -72.5201797485 -34.9601821899 -33.0304893683 1 4.89915814838 23.6557897381 1.62081427491 17.587634156 59.870967337 
335 53.7016279697 -74.8461380005 -72.4136123657 -34.8536148071 -32.673874021 1 4.98154312166 23.5538862423 1.03462048509 17.58763497 59.870966384 
336 53.8874099255 -75.0289154053 -72.5963897705 -35.0363922119 -32.5631601599 1 4.98154312166 23.5538862423 1.03462048509 17.58763497 59.870966384 
337 54.04053092 -74.8270950317 -72.394569397 -34.8345718384 -32.5206992207 1 4.98154334122 23.5538872804 0.755321855925 17.58763497 59.870966384 
338 54.1914451122 -74.8933105469 -72.4607849121 -34.9007873535 -32.5366946555 1 4.98154334122 23.5538872804 0.755321855925 17.58763497 59.870966384 
339 54.3465619087 -75.2010879517 -72.7685623169 -35.2085647583 -32.5896865325 1 4.98154277904 23.5538846223 1.47044616802 17.58763497 59.870966384 
340 54.5438199043 -75.3554992676 -72.9229736328 -35.3629760742 -32.7632509228 1 4.98154252646 23.553883428 1.79174584573 17.58763497 59.870966384 
341 54.6911320686 -75.6126403809 -73.1801147461 -35.6201171875 -33.0050338868 1 4.92733537065 23.608619715 1.79174600599 17.587634559 59.870966983 
342 54.8404810429 -75.1514816284 -72.7189559937 -35.1589584351 -32.9869209702 1 4.92733589753 23.6086222396 1.11414052181 17.587634559 59.870966983 
343 55.002571106 -74.8231124878 -72.390586853 -34.8305892944 -32.7937755547 1 4.92733589753 23.6086222396 1.11414052181 17.587634559 59.870966983 
344 55.1853950024 -75.027015686 -72.5944900513 -35.0344924927 -32.6181654434 1 4.92733554552 23.6086205529 1.5668503353 17.587634559 59.870966983 
345 55.3338389397 -74.2332305908 -71.8007049561 -34.2407073975 -32.2896236437 1 4.92733554552 23.6086205529 1.5668503353 17.587634559 59.870966983 
346 55.4923939705 -73.8632354736 -71.4307098389 -33.8707122803 -31.944061687 1 4.92733577072 23.6086216319 1.27723140884 17.587634559 59.870966983 
347 55.6450819969 -74.0235290527 -71.591003418 -34.0310058594 -31.6566071441 1 4.92733553588 23.6086205067 1.57924906847 17.587634559 59.870966983 
348 55.8377110958 -74.2471237183 -71.8145980835 -34.2546005249 -31.6608242357 1 4.87120200284 23.5514725148 1.57924881329 17.587635285 59.870967344 
349 55.9842419624 -73.9000701904 -71.4675445557 -33.9075469971 -31.6740653612 1 4.87120191741 23.5514721017 1.69038220352 17.587635285 59.870967344 
350 56.14508605 -73.8323516846 -71.3998260498 -33.8398284912 -31.6075928389 1 4.87120191741 23.5514721017 1.69038220352 17.587635285 59.870967344 
351 56.2959480286 -73.8432922363 -71.4107666016 -33.850769043 -31.4802396322 1 4.87120200962 23.5514725475 1.57043578664 17.587635285 59.870967344 
352 56.4817900658 -74.566986084 -72.1344604492 -34.5744628906 -31.6766273535 1 4.87120200962 23.5514725475 1.57043578664 17.587635285 59.870967344 
353 56.6337440014 -74.8522644043 -72.4197387695 -34.8597412109 -32.0001196153 1 4.87120208542 23.551472914 1.47183365321 17.587635285 59.870967344 
354 56.7852070332 -74.7773666382 -72.3448410034 -34.7848434448 -32.3506878898 1 4.87684387521 23.476563048 1.47183337964 17.587636028 59.870967124 
355 56.9528820515 -74.5196838379 -72.0871582031 -34.5271606445 -32.3335816786 1 4.87684416263 23.4765644316 1.0983688739 17.587636028 59.870967124 
356 57.1327159405 -75.333732605 -72.9012069702 -35.3412094116 -32.4728758971 1 4.87684416263 23.4765644316 1.0983688739 17.587636028 59.870967124 
357 57.2859220505 -74.6392974854 -72.2067718506 -34.646774292 -32.4242672771 1 4.87684387966 23.4765630694 1.46605145207 17.587636028 59.870967124 
358 57.4398200512 -74.0025405884 -71.5700149536 -34.010017395 -32.2131658332 1 4.87684379233 23.4765626491 1.5795155216 17.587636028 59.870967124 
359 57.5921120644 -74.0260314941 -71.5935058594 -34.0335083008 -31.8251629332 1 4.87684379233 23.4765626491 1.5795155216 17.587636028 59.870967124 
360 57.7725749016 -74.3218002319 -71.8892745972 -34.3292770386 -31.7338791043 1 4.83955446101 23.4579983129 2.13854384714 17.587636314 59.870967408 
361 57.9165730476 -74.0128936768 -71.580368042 -34.0203704834 -31.73750295 1 4.83955446101 23.4579983129 2.13854384714 17.587636314 59.870967408 
362 58.0684239864 -73.5676574707 -71.1351318359 -33.5751342773 -31.567087353 1 4.83955518021 23.458001799 1.1968358463 17.587636314 59.870967408 
363 58.219217062 -73.4126968384 -70.9801712036 -33.420173645 -31.2717080607 1 4.83955518021 23.458001799 1.1968358463 17.587636314 59.870967408 
364 58.4126639366 -73.6858062744 -71.2532806396 -33.6932830811 -31.1743705008 1 4.83955489837 23.4580004329 1.56587550803 17.587636314 59.870967408 
365 58.5616130829 -73.6077423096 -71.1752166748 -33.6152191162 -31.1875574124 1 4.83955489837 23.4580004329 1.56587550803 17.587636314 59.870967408 
366 58.7145540714 -73.6230773926 -71.1905517578 -33.6305541992 -31.2604840837 1 4.85082001089 23.3585958562 1.6054013358 17.58763729 59.870967083 
367 58.8708560467 -73.3840866089 -70.9515609741 -33.3915634155 -31.1573943703 1 4.85082000045 23.3585958059 1.61904080073 17.58763729 59.870967083 
368 59.0531930923 -73.7515487671 -71.3190231323 -33.7590255737 -31.2027298077 1 4.85082000045 23.3585958059 1.61904080073 17.58763729 59.870967083 
369 59.2130589485 -73.6778335571 -71.2453079224 -33.6853103638 -31.220478965 1 4.85082015193 23.3585965354 1.42115779204 17.58763729 59.870967083 
370 59.3604359627 -73.617225647 -71.1847000122 -33.6247024536 -31.3033793294 1 4.85082015193 23.3585965354 1.42115779204 17.58763729 59.870967083 
371 59.5247440338 -73.6196517944 -71.1871261597 -33.6271286011 -31.2599273472 1 4.85082000825 23.3585958435 1.60885260518 17.58763729 59.870967083 
372 59.7043740749 -74.2645339966 -71.8320083618 -34.2720108032 -31.4350677218 1 4.82553267082 23.2926271316 1.6088523435 17.587638024 59.870967154 
373 59.8590219021 -73.7298965454 -71.2973709106 -33.7373733521 -31.4754976676 1 4.82553217713 23.2926247486 2.25715458514 17.587638024 59.870967154 
