Nr Etime Raw dBm dBmW/m2 sum:dBmW/m2 loop X Y Z 
1 0 -74.537902832 -72.1053771973 -34.5453796387 -34.0237132482 1 4.52705099945 23.0152842141 0.669490210348 17.587641616 59.870969134 
2 0.0420770645142 -79.2880783081 -76.8555526733 -39.2955551147 -34.0179158484 2 4.52705066236 23.0152825004 1.14133201112 17.587641616 59.870969134 
3 0.219484090805 -78.3160324097 -75.8835067749 -38.3235092163 -33.9962522551 3 4.52705066236 23.0152825004 1.14133201112 17.587641616 59.870969134 
4 0.365872144699 -74.6945419312 -72.2620162964 -34.7020187378 -34.1168984725 1 4.52705078297 23.0152831135 0.972514578715 17.587641616 59.870969134 
5 0.529325962067 -79.1928329468 -76.760307312 -39.2003097534 -34.1079494285 2 4.52705078297 23.0152831135 0.972514578715 17.587641616 59.870969134 
6 0.680104017258 -78.1486053467 -75.7160797119 -38.1560821533 -34.0831136354 3 4.52705060414 23.0152822043 1.22283368774 17.587641616 59.870969134 
7 0.864053010941 -75.0799560547 -72.6474304199 -35.0874328613 -34.3663791927 1 4.42341331729 22.901210779 1.22283320058 17.587643043 59.870969781 
8 0.996984958649 -78.9574127197 -76.524887085 -38.9648895264 -34.3397018914 2 4.42341355369 22.9012120029 0.884175482306 17.587643043 59.870969781 
9 1.14794206619 -78.1488647461 -75.7163391113 -38.1563415527 -34.3397466288 3 4.42341355369 22.9012120029 0.884175482306 17.587643043 59.870969781 
10 1.30607295036 -74.8679580688 -72.4354324341 -34.8754348755 -34.1873965542 1 4.42341335538 22.9012109762 1.16826261877 17.587643043 59.870969781 
11 1.48926210403 -79.5083312988 -77.0758056641 -39.5158081055 -34.2419859915 2 4.42341336304 22.9012110159 1.15728669162 17.587643043 59.870969781 
12 1.63691115379 -77.9864044189 -75.5538787842 -37.9938812256 -34.2143511415 3 4.42341336304 22.9012110159 1.15728669162 17.587643043 59.870969781 
13 1.79470300674 -74.867767334 -72.4352416992 -34.8752441406 -34.214210466 1 4.3354338638 22.7928502679 0.842308726581 17.587644371 59.870970304 
14 1.94382214546 -79.4056930542 -76.9731674194 -39.4131698608 -34.2050823572 2 4.3354338638 22.7928502679 0.842308726581 17.587644371 59.870970304 
15 2.14673113823 -78.310043335 -75.8775177002 -38.3175201416 -34.2582496866 3 4.33543380106 22.792849938 0.934016972221 17.587644371 59.870970304 
16 2.28338599205 -74.9539718628 -72.521446228 -34.9614486694 -34.3228120615 1 4.33543380106 22.792849938 0.934016972221 17.587644371 59.870970304 
17 2.45128703117 -79.4205780029 -76.9880523682 -39.4280548096 -34.324235473 2 4.33543377949 22.7928498246 0.965542716359 17.587644371 59.870970304 
18 2.60526895523 -78.1484375 -75.7159118652 -38.1559143066 -34.2977256257 3 4.33543377949 22.7928498246 0.965542716359 17.587644371 59.870970304 
19 2.78879714012 -75.2667388916 -72.8342132568 -35.2742156982 -34.5236546519 1 4.27254541668 22.7000951698 1.49906306046 17.587645475 59.870970643 
20 2.94096207619 -79.3898925781 -76.9573669434 -39.3973693848 -34.5204276329 2 4.27254551075 22.7000956696 1.35954427209 17.587645475 59.870970643 
21 3.09445714951 -78.0369491577 -75.6044235229 -38.0444259644 -34.4990877065 3 4.27254551075 22.7000956696 1.35954427209 17.587645475 59.870970643 
22 3.24985408783 -74.7829055786 -72.3503799438 -34.7903823853 -34.1495240332 1 4.27254579707 22.7000971908 0.934890256026 17.587645475 59.870970643 
23 3.43675303459 -80.7304382324 -78.2979125977 -40.7379150391 -34.2406438427 2 4.27254579707 22.7000971908 0.934890256026 17.587645475 59.870970643 
24 3.58460903168 -78.1179733276 -75.6854476929 -38.1254501343 -34.2544847416 3 4.27254552134 22.7000957258 1.34384276748 17.587645475 59.870970643 
25 3.74191212654 -74.6728591919 -72.2403335571 -34.6803359985 -34.1680330452 1 4.27254552134 22.7000957258 1.34384276748 17.587645475 59.870970643 
26 3.89226508141 -80.9351654053 -78.5026397705 -40.9426422119 -34.1775355284 2 3.98123860927 22.8682506587 1.15108197508 17.587644541 59.870973575 
27 4.07671403885 -78.6406326294 -76.2081069946 -38.648109436 -34.2542840311 3 3.98123860927 22.8682506587 1.15108197508 17.587644541 59.870973575 
28 4.22779393196 -74.5129928589 -72.0804672241 -34.5204696655 -34.1220507133 1 3.9812385032 22.8682500495 1.31991004915 17.587644541 59.870973575 
29 4.39462900162 -82.022819519 -79.5902938843 -42.0302963257 -34.1593640017 2 3.9812385032 22.8682500495 1.31991004915 17.587644541 59.870973575 
30 4.53722715378 -78.1284561157 -75.695930481 -38.1359329224 -34.0874712093 3 3.98123838013 22.8682493425 1.51579407552 17.587644541 59.870973575 
31 4.72734212875 -74.7031402588 -72.270614624 -34.7106170654 -34.241987662 1 3.98123844698 22.8682497265 1.40939290533 17.587644541 59.870973575 
32 4.88084697723 -81.6683883667 -79.2358627319 -41.6758651733 -34.2313528129 2 3.47617606384 23.2636427439 1.40939404679 17.587641871 59.870978895 
33 5.0280251503 -77.6850891113 -75.2525634766 -37.692565918 -34.1513847057 3 3.47617600362 23.2636423409 1.51917880992 17.587641871 59.870978895 
34 5.18142008781 -74.9905853271 -72.5580596924 -34.9980621338 -34.3701475504 1 3.47617600362 23.2636423409 1.51917880992 17.587641871 59.870978895 
35 5.37210297585 -80.5583496094 -78.1258239746 -40.565826416 -34.3206078316 2 3.47617615093 23.2636433267 1.25064892394 17.587641871 59.870978895 
36 5.51919913292 -79.4536514282 -77.0211257935 -39.4611282349 -34.5930468978 3 3.47617615093 23.2636433267 1.25064892394 17.587641871 59.870978895 
37 5.67746400833 -74.8946533203 -72.4621276855 -34.902130127 -34.5131418902 1 3.47617616514 23.2636434219 1.2247315317 17.587641871 59.870978895 
38 5.83233809471 -79.8228149414 -77.3902893066 -39.830291748 -34.459887234 2 2.86550191168 23.4328955853 1.22473184894 17.587641767 59.870984624 
39 6.01587700844 -78.4593734741 -76.0268478394 -38.4668502808 -34.3373787394 3 2.86550182321 23.4328948618 1.42036991083 17.587641767 59.870984624 
40 6.16720199585 -75.2639160156 -72.8313903809 -35.2713928223 -34.6163644506 1 2.86550182321 23.4328948618 1.42036991083 17.587641767 59.870984624 
41 6.32110905647 -77.5078582764 -75.0753326416 -37.515335083 -34.2707381521 2 2.86550205159 23.4328967295 0.915318788243 17.587641767 59.870984624 
42 6.47054314613 -75.5380783081 -73.1055526733 -35.5455551147 -33.5228751561 3 2.86550178107 23.4328945172 1.51356236348 17.587641767 59.870984624 
43 6.63450908661 -75.1490020752 -72.7164764404 -35.1564788818 -33.4707570034 1 2.86550178107 23.4328945172 1.51356236348 17.587641767 59.870984624 
44 6.7918009758 -77.1983261108 -74.7658004761 -37.2058029175 -33.4197069729 2 2.86550195118 23.4328959083 1.13737931426 17.587641767 59.870984624 
45 6.94648814201 -74.766784668 -72.3342590332 -34.7742614746 -33.0970128044 3 2.15190466336 23.5031126779 1.13737929266 17.587642936 59.870991028 
46 7.09651303291 -74.2565765381 -71.8240509033 -34.2640533447 -32.7067453544 1 2.15190459908 23.5031119758 1.32666486614 17.587642936 59.870991028 
47 7.28989100456 -77.7796020508 -75.347076416 -37.7870788574 -32.7719446269 2 2.15190459908 23.5031119758 1.32666486614 17.587642936 59.870991028 
48 7.44280409813 -73.2265472412 -70.7940216064 -33.2340240479 -32.0248654474 3 2.15190454766 23.5031114143 1.47806991053 17.587642936 59.870991028 
49 7.5972840786 -74.6418685913 -72.2093429565 -34.6493453979 -32.1545526101 1 2.15190454766 23.5031114143 1.47806991053 17.587642936 59.870991028 
50 7.75386214256 -76.0921478271 -73.6596221924 -36.0996246338 -31.9717683644 2 2.15190474067 23.5031135223 0.909715685153 17.587642936 59.870991028 
51 7.93858408928 -73.1056671143 -70.6731414795 -33.1131439209 -31.9033476164 3 1.31462855761 23.5460207716 1.37178143125 17.587644707 59.870998452 
52 8.08883309364 -74.0491714478 -71.616645813 -34.0566482544 -31.7189806352 1 1.31462855761 23.5460207716 1.37178143125 17.587644707 59.870998452 
53 8.245002985 -78.7822036743 -76.3496780396 -38.789680481 -31.9344678013 2 1.31462864264 23.5460222945 0.961927461807 17.587644707 59.870998452 
54 8.39333415031 -72.8880233765 -70.4554977417 -32.8955001831 -31.8053513809 3 1.31462864264 23.5460222945 0.961927461807 17.587644707 59.870998452 
55 8.5817091465 -74.155166626 -71.7226409912 -34.1626434326 -31.8423482322 1 1.31462862641 23.5460220037 1.04018377341 17.587644707 59.870998452 
56 8.72542095184 -79.4711151123 -77.0385894775 -39.4785919189 -31.8665610117 2 1.31462862641 23.5460220037 1.04018377341 17.587644707 59.870998452 
57 8.88291311264 -71.5731735229 -69.1406478882 -31.5806503296 -30.9600251825 3 0.379841423256 23.4325417857 0.797687188282 17.587648317 59.871006373 
58 9.03886914253 -74.6026382446 -72.1701126099 -34.6101150513 -31.0545800749 1 0.379841423256 23.4325417857 0.797687188282 17.587648317 59.871006373 
59 9.22670793533 -80.5217285156 -78.0892028809 -40.5292053223 -31.0718596776 2 0.379841396231 23.4325401185 1.24853405387 17.587648317 59.871006373 
60 9.35856413841 -73.6155395508 -71.183013916 -33.6230163574 -32.5012764342 3 0.379841396231 23.4325401185 1.24853405387 17.587648317 59.871006373 
61 9.52029109001 -72.1467819214 -69.7142562866 -32.154258728 -31.2313896959 1 0.379841407637 23.4325408222 1.05825275513 17.587648317 59.871006373 
62 9.67097115517 -78.6287002563 -76.1961746216 -38.636177063 -31.1900447822 2 0.379841397934 23.4325402236 1.22012390379 17.587648317 59.871006373 
63 9.86414313316 -75.2688369751 -72.8363113403 -35.2763137817 -31.6046844808 3 -0.588743104491 23.1519146448 1.2201228876 17.587653707 59.871014209 
64 10.0084719658 -72.1446304321 -69.7121047974 -32.1521072388 -31.603013881 1 -0.588743118812 23.151915208 1.06597807294 17.587653707 59.871014209 
65 10.1620900631 -77.2460708618 -74.8135452271 -37.2535476685 -31.5285104794 2 -0.588743118812 23.151915208 1.06597807294 17.587653707 59.871014209 
66 10.3112609386 -73.5181121826 -71.0855865479 -33.5255889893 -31.0955810003 3 -0.588743137221 23.1519159319 0.867846078412 17.587653707 59.871014209 
67 10.5023310184 -72.9161300659 -70.4836044312 -32.9236068726 -31.5366684282 1 -0.588743137221 23.1519159319 0.867846078412 17.587653707 59.871014209 
68 10.6524069309 -77.7133560181 -75.2808303833 -37.7208328247 -31.5671021514 2 -0.588743113001 23.1519149795 1.12853245182 17.587653707 59.871014209 
69 10.8057010174 -72.9349746704 -70.5024490356 -32.9424514771 -31.3113244059 3 -0.588743113001 23.1519149795 1.12853245182 17.587661824 59.871022946 
70 10.9664139748 -72.9034729004 -70.4709472656 -32.910949707 -31.3052912737 1 -1.71947859471 22.6439534369 0.947085526212 17.587661824 59.871022946 
71 11.1162891388 -79.1962051392 -76.7636795044 -39.2036819458 -31.362015639 2 -1.71947859471 22.6439534369 0.947085526212 17.587661824 59.871022946 
72 11.2488441467 -71.2574157715 -68.8248901367 -31.2648925781 -30.3925260117 3 -1.71947864076 22.6439540434 0.777362169166 17.587661824 59.871022946 
73 11.4034619331 -73.4308853149 -70.9983596802 -33.4383621216 -30.5445474344 1 -1.71947864076 22.6439540434 0.777362169166 17.587661824 59.871022946 
74 11.5542180538 -78.5749130249 -76.1423873901 -38.5823898315 -30.5312506042 2 -1.71947863647 22.6439539868 0.79318456214 17.587661824 59.871022946 
75 11.7381801605 -71.2206115723 -68.7880859375 -31.2280883789 -30.5049345764 3 -1.71947863647 22.6439539868 0.79318456214 17.587661824 59.871022946 
76 11.8990621567 -72.0312805176 -69.5987548828 -32.0387573242 -30.0475979013 1 -2.80908163605 22.0305909987 0.848907754086 17.587670899 59.871031083 
77 12.045114994 -81.6168441772 -79.1843185425 -41.6243209839 -30.0799705977 2 -2.8090817808 22.0305921339 0.522376317821 17.587670899 59.871031083 
78 12.2101430893 -71.0531463623 -68.6206207275 -31.0606231689 -29.9797189658 3 -2.8090817808 22.0305921339 0.522376317821 17.587670899 59.871031083 
79 12.3943970203 -73.4197998047 -70.9872741699 -33.4272766113 -30.4186767615 1 -2.80908160556 22.0305907596 0.917684185894 17.587670899 59.871031083 
80 12.5462551117 -78.7422714233 -76.3097457886 -38.74974823 -30.3845772792 2 -2.80908160556 22.0305907596 0.917684185894 17.587670899 59.871031083 
81 12.7020020485 -70.8642272949 -68.4317016602 -30.8717041016 -30.2446109202 3 -2.8090814389 22.0305894525 1.29364314091 17.587670899 59.871031083 
82 12.8601830006 -71.794631958 -69.3621063232 -31.8021087646 -29.7476447437 1 -3.88736747996 21.6152307428 1.29364228095 17.587677941 59.871039572 
83 13.0154659748 -83.991317749 -81.5587921143 -43.9987945557 -29.7791892929 2 -3.88736769936 21.6152319627 0.936000556237 17.587677941 59.871039572 
84 13.2027750015 -72.0042419434 -69.5717163086 -32.01171875 -30.3951010238 3 -3.8873677885 21.6152324584 0.790687185492 17.587677941 59.871039572 
85 13.3529579639 -72.0556106567 -69.623085022 -32.0630874634 -30.5277060597 1 -3.8873677885 21.6152324584 0.790687185492 17.587677941 59.871039572 
86 13.5101110935 -85.4159164429 -82.9833908081 -45.4233932495 -30.5298194853 2 -3.88736761756 21.6152315079 1.06933490193 17.587677941 59.871039572 
87 13.6609530449 -71.9975585938 -69.565032959 -32.0050354004 -30.5264392669 3 -3.88736761756 21.6152315079 1.06933490193 17.587677941 59.871039572 
88 13.8516931534 -72.6059799194 -70.1734542847 -32.6134567261 -30.7802954634 1 -5.02222057541 21.1112073622 1.035315125 17.587686029 59.871048354 
89 14.0047831535 -83.1779098511 -80.7453842163 -43.1853866577 -30.7756861566 2 -5.02222057541 21.1112073622 1.035315125 17.587686029 59.871048354 
90 14.1544921398 -71.8961257935 -69.4636001587 -31.9036026001 -30.7175211415 3 -5.02222043458 21.1112067702 1.21301495922 17.587686029 59.871048354 
91 14.3121900558 -71.8669509888 -69.434425354 -31.8744277954 -30.3778480239 1 -5.02222043458 21.1112067702 1.21301495922 17.587686029 59.871048354 
92 14.4812610149 -84.819770813 -82.3872451782 -44.8272476196 -30.3810121606 2 -5.02222029621 21.1112061886 1.38760198953 17.587686029 59.871048354 
93 14.6283781528 -70.8847045898 -68.4521789551 -30.8921813965 -29.8209167117 3 -5.02222029621 21.1112061886 1.38760198953 17.587686029 59.871048354 
94 14.7553560734 -72.6176147461 -70.1850891113 -32.6250915527 -30.0825787282 1 -6.19011790622 20.332300138 0.980976422272 17.587696985 59.871056799 
95 14.9375550747 -80.8217697144 -78.3892440796 -40.829246521 -30.0696631795 2 -6.19011790622 20.332300138 0.980976422272 17.587696985 59.871056799 
96 15.0984649658 -69.2857513428 -66.853225708 -29.2932281494 -28.8605058115 3 -6.19011801881 20.3323005078 0.865714553823 17.587696985 59.871056799 
97 15.2531621456 -73.2039260864 -70.7714004517 -33.2114028931 -28.9532179657 1 -6.19011801881 20.3323005078 0.865714553823 17.587696985 59.871056799 
98 15.414732933 -77.5754852295 -75.1429595947 -37.5829620361 -28.9217855921 2 -6.1901181043 20.3323007886 0.778208203883 17.587696985 59.871056799 
99 15.5633511543 -69.3728256226 -66.9402999878 -29.3803024292 -28.9949361373 3 -6.19011799034 20.3323004143 0.894867145557 17.587696985 59.871056799 
100 15.752612114 -72.1039428711 -69.6714172363 -32.1114196777 -28.7986247379 1 -6.19011799034 20.3323004143 0.894867145557 17.587696985 59.871056799 
101 15.903594017 -75.8776779175 -73.4451522827 -35.8851547241 -28.7540241729 2 -7.26794941265 19.3628999921 0.88464277943 17.587709631 59.871064022 
102 16.0520060062 -69.1990127563 -66.7664871216 -29.206489563 -28.6224708732 3 -7.26794941265 19.3628999921 0.88464277943 17.587709631 59.871064022 
103 16.2039530277 -71.6962585449 -69.2637329102 -31.7037353516 -28.5343460904 1 -7.26794936449 19.3628998638 0.926633829239 17.587709631 59.871064022 
104 16.394119978 -76.9162063599 -74.4836807251 -36.9236831665 -28.5624875178 2 -7.26794936449 19.3628998638 0.926633829239 17.587709631 59.871064022 
105 16.5461339951 -69.6061859131 -67.1736602783 -29.6136627197 -28.8576633062 3 -7.26794913465 19.3628992515 1.12702546445 17.587709631 59.871064022 
106 16.7052710056 -69.689239502 -67.2567138672 -29.6967163086 -28.111784726 1 -7.26794890911 19.3628986506 1.3236686104 17.587709631 59.871064022 
107 16.8543100357 -84.6935882568 -82.2610626221 -44.7010650635 -28.1485799004 2 -8.41386183612 18.2693797776 1.32366678128 17.587723712 59.871071558 
108 17.0384840965 -70.9539642334 -68.5214385986 -30.96144104 -28.7317351186 3 -8.41386236345 18.2693809226 0.926509883014 17.587723712 59.871071558 
109 17.1950240135 -69.7246017456 -67.2920761108 -29.7320785522 -28.7543435814 1 -8.41386236345 18.2693809226 0.926509883014 17.587723712 59.871071558 
110 17.3439581394 -90.6321868896 -88.1996612549 -50.6396636963 -28.7556569812 2 -8.41386247762 18.2693811705 0.840521399487 17.587723712 59.871071558 
111 17.4989030361 -69.7076187134 -67.2750930786 -29.71509552 -28.2183492518 3 -8.41386247762 18.2693811705 0.840521399487 17.587723712 59.871071558 
112 17.6540300846 -70.3231124878 -67.890586853 -30.3305892944 -28.4958767744 1 -8.41386273628 18.2693817321 0.64571395984 17.587723712 59.871071558 
113 17.8062989712 -89.0517425537 -86.6192169189 -49.0592193604 -28.4957901577 2 -8.41386273628 18.2693817321 0.64571395984 17.587723712 59.871071558 
114 17.9676771164 -70.3938751221 -67.9613494873 -30.4013519287 -28.8603342484 3 -9.56794745391 17.0610562617 1.0015361126 17.587738976 59.871078904 
115 18.1160171032 -70.0692062378 -67.636680603 -30.0766830444 -28.7276188681 1 -9.56794745391 17.0610562617 1.0015361126 17.587738976 59.871078904 
116 18.3062269688 -82.355255127 -79.9227294922 -42.3627319336 -28.7237374472 2 -9.56794779975 17.0610568784 0.772483811874 17.587738976 59.871078904 
117 18.4590730667 -69.9317169189 -67.4991912842 -29.9391937256 -28.4980345199 3 -9.56794779975 17.0610568784 0.772483811874 17.587738976 59.871078904 
118 18.6133129597 -70.3464584351 -67.9139328003 -30.3539352417 -28.6276362325 1 -9.56794737037 17.0610561127 1.05685957139 17.587738976 59.871078904 
119 18.7658970356 -87.2547149658 -84.8221893311 -47.2621917725 -28.631119872 2 -10.6186676557 15.8208806618 1.28092251332 17.58775429 59.871085273 
120 18.9502811432 -70.0807571411 -67.6482315063 -30.0882339478 -28.7114499488 3 -10.6186676557 15.8208806618 1.28092251332 17.58775429 59.871085273 
121 19.1046550274 -70.9650192261 -68.5324935913 -30.9724960327 -28.9800326767 1 -10.6186679745 15.8208811369 1.09063120157 17.58775429 59.871085273 
122 19.2550890446 -83.5330276489 -81.1005020142 -43.5405044556 -28.977854113 2 -10.6186679745 15.8208811369 1.09063120157 17.58775429 59.871085273 
123 19.406703949 -68.8840179443 -66.4514923096 -28.891494751 -28.1847072108 3 -10.6186680787 15.8208812922 1.02844108078 17.58775429 59.871085273 
124 19.5948300362 -71.1713562012 -68.7388305664 -31.1788330078 -28.2399224293 1 -10.6186680787 15.8208812922 1.02844108078 17.58775429 59.871085273 
125 19.7442519665 -80.3571014404 -77.9245758057 -40.3645782471 -28.2336597364 2 -10.618668109 15.8208813373 1.01036791317 17.58775429 59.871085273 
126 19.911937952 -67.5150985718 -65.082572937 -27.5225753784 -27.1478090396 3 -11.6405087424 14.6235986992 1.01036683132 17.587769094 59.871091487 
127 20.0702860355 -70.263999939 -67.8314743042 -30.2714767456 -26.9785965273 1 -11.6405084949 14.6235983883 1.14508990714 17.587769094 59.871091487 
128 20.2173471451 -78.6379318237 -76.205406189 -38.6454086304 -26.9730913366 2 -11.6405084949 14.6235983883 1.14508990714 17.587769094 59.871091487 
129 20.3718979359 -67.6381912231 -65.2056655884 -27.6456680298 -27.068052429 3 -11.6405084931 14.623598386 1.14607792708 17.587769094 59.871091487 
130 20.529886961 -69.4824752808 -67.049949646 -29.4899520874 -26.8629007619 1 -11.6405084931 14.623598386 1.14607792708 17.587769094 59.871091487 
131 20.6779749393 -79.753074646 -77.3205490112 -39.7605514526 -26.8667419054 2 -11.6405086657 14.6235986028 1.05211463206 17.587769094 59.871091487 
132 20.8705911636 -68.2585906982 -65.8260650635 -28.2660675049 -27.280809585 3 -12.729906344 13.1711910887 1.07505075317 17.587786657 59.871097711 
133 21.0204019547 -69.900932312 -67.4684066772 -29.9084091187 -27.4229727936 1 -12.729906344 13.1711910887 1.07505075317 17.587786657 59.871097711 
134 21.1828501225 -75.5795440674 -73.1470184326 -35.587020874 -27.3802205171 2 -12.7299059192 13.1711906491 1.28652729886 17.587786657 59.871097711 
135 21.326925993 -68.1378173828 -65.705291748 -28.1452941895 -27.2991610516 3 -12.7299059192 13.1711906491 1.28652729886 17.587786657 59.871097711 
136 21.5150160789 -70.2707824707 -67.8382568359 -30.2782592773 -27.4039097818 1 -12.7299066247 13.1711913791 0.9353297397 17.587786657 59.871097711 
137 21.6658990383 -75.0618743896 -72.6293487549 -35.0693511963 -27.3904549204 2 -12.7299066247 13.1711913791 0.9353297397 17.587786657 59.871097711 
138 21.8185880184 -69.0899047852 -66.6573791504 -29.0973815918 -28.0172845513 3 -13.6653497523 11.8312226075 0.972571100489 17.587802677 59.871102844 
139 21.9665429592 -69.3656234741 -66.9330978394 -29.3731002808 -27.6531488868 1 -13.6653497523 11.8312226075 0.972571100489 17.587802677 59.871102844 
140 22.1572570801 -74.7604064941 -72.3278808594 -34.7678833008 -27.6425457254 2 -13.6653502735 11.8312230588 0.730854216426 17.587802677 59.871102844 
141 22.3067970276 -68.1508712769 -65.7183456421 -28.1583480835 -27.1118494253 3 -13.6653490855 11.8312220302 1.28178849834 17.587802677 59.871102844 
142 22.4627361298 -68.6842269897 -66.251701355 -28.6917037964 -26.8462431101 1 -13.6653490855 11.8312220302 1.28178849834 17.587802677 59.871102844 
143 22.6145870686 -76.6996841431 -74.2671585083 -36.7071609497 -26.8799007353 2 -13.6653486727 11.8312216728 1.47320467501 17.587802677 59.871102844 
144 22.8036241531 -68.5640563965 -66.1315307617 -28.5715332031 -27.0994657665 3 -14.458784832 10.3606800441 1.47320386026 17.587819644 59.871106437 
145 22.9532909393 -68.276725769 -65.8442001343 -28.2842025757 -26.8941712581 1 -14.4587862631 10.3606810696 0.84599144959 17.587819644 59.871106437 
146 23.1120910645 -77.0058364868 -74.5733108521 -37.0133132935 -26.8972858093 2 -14.4587862631 10.3606810696 0.84599144959 17.587819644 59.871106437 
147 23.2637000084 -68.0041656494 -65.5716400146 -28.0116424561 -26.6203031457 3 -14.4587858628 10.3606807827 1.02144234437 17.587819644 59.871106437 
148 23.4475719929 -68.8027648926 -66.3702392578 -28.8102416992 -26.8490580199 1 -14.4587849065 10.3606800975 1.44055589559 17.587819644 59.871106437 
149 23.597340107 -75.7225570679 -73.2900314331 -35.7300338745 -26.8328964881 2 -14.4587849065 10.3606800975 1.44055589559 17.587819644 59.871106437 
150 23.7549929619 -69.3071670532 -66.8746414185 -29.3146438599 -27.4932115925 3 -14.458784667 10.3606799259 1.5454894027 17.587819644 59.871106437 
151 23.9065330029 -67.7311248779 -65.2985992432 -27.7386016846 -26.8449278174 1 -15.2099162255 8.6851930749 1.54548864322 17.587838573 59.871109193 
152 24.1008729935 -76.9897232056 -74.5571975708 -36.9972000122 -26.861028696 2 -15.2099161815 8.68519304979 1.56380818953 17.587838573 59.871109193 
153 24.2414829731 -69.2111816406 -66.7786560059 -29.2186584473 -26.8295537636 3 -15.2099161815 8.68519304979 1.56380818953 17.587838573 59.871109193 
154 24.3978819847 -69.023147583 -66.5906219482 -29.0306243896 -27.5887534516 1 -15.2099170057 8.68519352039 1.22045328452 17.587838573 59.871109193 
155 24.5460071564 -73.783454895 -71.3509292603 -33.7909317017 -27.4945128882 2 -15.2099170057 8.68519352039 1.22045328452 17.587838573 59.871109193 
156 24.7410409451 -67.8233184814 -65.3907928467 -27.8307952881 -26.756907141 3 -15.209915848 8.68519285933 1.70276870389 17.587838573 59.871109193 
157 24.8828020096 -68.763420105 -66.3308944702 -28.7708969116 -26.6621747779 1 -15.8029072944 7.07588361801 1.70276815439 17.587856416 59.871110716 
158 25.04600811 -76.6588287354 -74.2263031006 -36.666305542 -26.7228110804 2 -15.8029074125 7.0758836709 1.65540824328 17.587856416 59.871110716 
159 25.2012360096 -68.3029403687 -65.8704147339 -28.3104171753 -26.9978782761 3 -15.8029074125 7.0758836709 1.65540824328 17.587856416 59.871110716 
160 25.3641180992 -69.4515991211 -67.0190734863 -29.4590759277 -27.2755741566 1 -15.802907074 7.07588351935 1.7911273888 17.587856416 59.871110716 
161 25.4952819347 -71.8967208862 -69.4641952515 -31.9041976929 -27.0579511074 2 -15.802907074 7.07588351935 1.7911273888 17.587856416 59.871110716 
162 25.6501510143 -67.5380249023 -65.1054992676 -27.545501709 -26.5957651195 3 -15.8029082768 7.07588405791 1.30881960543 17.587856416 59.871110716 
163 25.8017511368 -70.2995071411 -67.8669815063 -30.3069839478 -26.7921659925 1 -15.8029082765 7.07588405777 1.30894225187 17.587856416 59.871110716 
164 25.9920110703 -73.8552627563 -71.4227371216 -33.862739563 -26.9183044013 2 -16.407757085 5.41312247806 1.30894215063 17.587874831 59.871112221 
165 26.1427569389 -69.3645706177 -66.9320449829 -29.3720474243 -28.124121107 3 -16.4077578273 5.41312272293 1.0222906875 17.587874831 59.871112221 
166 26.2948820591 -70.0190887451 -67.5865631104 -30.0265655518 -28.0172533011 1 -16.4077578273 5.41312272293 1.0222906875 17.587874831 59.871112221 
167 26.449488163 -74.4208755493 -71.9883499146 -34.428352356 -28.0512536463 2 -16.4077567717 5.4131223747 1.42994200286 17.587874831 59.871112221 
168 26.6334040165 -70.1013336182 -67.6688079834 -30.1088104248 -28.4211115025 3 -16.4077567717 5.4131223747 1.42994200286 17.587874831 59.871112221 
169 26.7841351032 -71.2861557007 -68.8536300659 -31.2936325073 -28.9358723598 1 -16.4077556048 5.41312198971 1.88061695933 17.587874831 59.871112221 
170 26.9425389767 -72.5130386353 -70.0805130005 -32.5205154419 -28.704977372 2 -16.9344639641 3.52985946542 1.88061701679 17.587895271 59.87111254 
171 27.0917711258 -68.2771911621 -65.8446655273 -28.2846679688 -27.5659552361 3 -16.9344645842 3.52985959469 1.64855322409 17.587895271 59.87111254 
172 27.2828381062 -70.624786377 -68.1922607422 -30.6322631836 -27.4313106726 1 -16.9344647005 3.52985961892 1.6050494505 17.587895271 59.87111254 
173 27.4311029911 -73.4903564453 -71.0578308105 -33.497833252 -27.5081860557 2 -16.9344647005 3.52985961892 1.6050494505 17.587895271 59.87111254 
174 27.5841350555 -69.3431091309 -66.9105834961 -29.3505859375 -28.1954106164 3 -16.9344647661 3.52985963259 1.58050614239 17.587895271 59.87111254 
175 27.7382090092 -71.0927200317 -68.660194397 -31.1001968384 -28.3369702528 1 -16.9344647661 3.52985963259 1.58050614239 17.587895271 59.87111254 
176 27.8981590271 -70.6859588623 -68.2534332275 -30.6934356689 -27.861163535 2 -17.3670542205 1.78775892644 1.80322174997 17.587914035 59.871112357 
177 28.050948143 -68.6926574707 -66.2601318359 -28.7001342773 -27.5093280357 3 -17.3670542205 1.78775892644 1.80322174997 17.587914035 59.871112357 
178 28.2138359547 -72.2238616943 -69.7913360596 -32.231338501 -27.6849471426 1 -17.3670555141 1.78775905961 1.33122307542 17.587914035 59.871112357 
179 28.364066124 -72.3173751831 -69.8848495483 -32.3248519897 -27.9927773494 2 -17.3670555141 1.78775905961 1.33122307542 17.587914035 59.871112357 
180 28.5593571663 -70.2962036133 -67.8636779785 -30.3036804199 -29.0202865765 3 -17.367055002 1.78775900689 1.5180657228 17.587914035 59.871112357 
181 28.6999750137 -71.325378418 -68.8928527832 -31.3328552246 -28.7803863335 1 -17.367055002 1.78775900689 1.5180657228 17.587914035 59.871112357 
182 28.8604390621 -73.2499694824 -70.8174438477 -33.2574462891 -28.9338951237 2 -17.7213595517 -0.10272430167 1.33359759402 17.587934094 59.871111151 
183 29.0157859325 -69.2177429199 -66.7852172852 -29.2252197266 -28.2946644468 3 -17.7213590614 -0.102724298828 1.50894818094 17.587934094 59.871111151 
184 29.202299118 -74.4917831421 -72.0592575073 -34.4992599487 -28.7505970067 1 -17.7213590614 -0.102724298828 1.50894818094 17.587934094 59.871111151 
185 29.3545041084 -70.3793029785 -67.9467773438 -30.3867797852 -28.1066227055 2 -17.7213593371 -0.102724300426 1.41034524671 17.587934094 59.871111151 
186 29.5099921227 -69.3206481934 -66.8881225586 -29.328125 -28.1675122982 3 -17.7213593371 -0.102724300426 1.41034524671 17.587934094 59.871111151 
187 29.6631879807 -70.6797485352 -68.2472229004 -30.6872253418 -27.6670154497 1 -17.7213597523 -0.102724302833 1.26188945089 17.587934094 59.871111151 
188 29.8496260643 -73.8013381958 -71.368812561 -33.8088150024 -28.2252274074 2 -18.0352183947 -1.9664721148 1.26189064087 17.587953776 59.871109652 
189 29.9957389832 -69.5158233643 -67.0832977295 -29.5233001709 -28.3405610556 3 -18.035218134 -1.96647208637 1.35349199931 17.587953776 59.871109652 
190 30.1560330391 -71.5192871094 -69.0867614746 -31.526763916 -28.5907292634 1 -18.035218134 -1.96647208637 1.35349199931 17.587953776 59.871109652 
191 30.3090429306 -71.7368240356 -69.3042984009 -31.7443008423 -28.2993718551 2 -18.035217898 -1.96647206065 1.43639737041 17.587953776 59.871109652 
192 30.4927270412 -68.6866912842 -66.2541656494 -28.6941680908 -27.7895618847 3 -18.035217898 -1.96647206065 1.43639737041 17.587953776 59.871109652 
193 30.6431970596 -72.5614471436 -70.1289215088 -32.5689239502 -27.942911542 1 -18.0352183181 -1.96647210646 1.28878075925 17.587953776 59.871109652 
194 30.7984640598 -71.8433303833 -69.4108047485 -31.8508071899 -27.9610375375 2 -18.0352183181 -1.96647210646 1.28878075925 17.587953776 59.871109652 
195 30.9465019703 -69.9094619751 -67.4769363403 -29.9169387817 -28.7579740817 3 -18.2809352207 -3.76997004738 1.56512961364 17.587972669 59.871107694 
196 31.1461601257 -70.8271255493 -68.3945999146 -30.834602356 -28.341540681 1 -18.2809362987 -3.76997026968 1.19146934844 17.587972669 59.871107694 
197 31.2894790173 -73.3673629761 -70.9348373413 -33.3748397827 -28.5708068099 2 -18.2809362987 -3.76997026968 1.19146934844 17.587972669 59.871107694 
198 31.4452440739 -70.5273742676 -68.0948486328 -30.5348510742 -28.881300635 3 -18.2809357921 -3.76997016522 1.36705951278 17.587972669 59.871107694 
199 31.6025791168 -72.0586853027 -69.626159668 -32.0661621094 -29.3018540416 1 -18.2809357921 -3.76997016522 1.36705951278 17.587972669 59.871107694 
200 31.7992789745 -71.8281173706 -69.3955917358 -31.8355941772 -28.9831211298 2 -18.4403599565 -5.60285083824 1.55727939672 17.587991632 59.871104914 
201 31.9409630299 -70.0887680054 -67.6562423706 -30.096244812 -28.7574060994 3 -18.4403609487 -5.60285113969 1.21633435054 17.587991632 59.871104914 
202 32.0928649902 -71.3604049683 -68.9278793335 -31.3678817749 -28.5849736848 1 -18.4403609487 -5.60285113969 1.21633435054 17.587991632 59.871104914 
203 32.2507040501 -75.0170516968 -72.584526062 -35.0245285034 -28.9955425975 2 -18.440360742 -5.6028510769 1.28735455112 17.587991632 59.871104914 
204 32.4357190132 -70.0220336914 -67.5895080566 -30.029510498 -28.9550991049 3 -18.440360742 -5.6028510769 1.28735455112 17.587991632 59.871104914 
205 32.583933115 -71.9440155029 -69.5114898682 -31.9514923096 -29.1304588158 1 -18.4403607423 -5.602851077 1.28723651811 17.587991632 59.871104914 
206 32.7399280071 -74.2887954712 -71.8562698364 -34.2962722778 -29.0738793201 2 -18.4403607423 -5.602851077 1.28723651811 17.587991632 59.871104914 
207 32.8969800472 -69.5742874146 -67.1417617798 -29.5817642212 -28.7751781048 3 -18.5644676916 -7.3900661032 1.8638812669 17.58801004 59.871101929 
208 33.0663671494 -73.2044906616 -70.7719650269 -33.2119674683 -29.0087678302 1 -18.5644676916 -7.3900661032 1.8638812669 17.58801004 59.871101929 
209 33.2374141216 -73.8868103027 -71.454284668 -33.8942871094 -28.9704246918 2 -18.564469022 -7.39006663279 1.40977577194 17.58801004 59.871101929 
210 33.3714470863 -70.4420623779 -68.0095367432 -30.4495391846 -29.5910560172 3 -18.564469022 -7.39006663279 1.40977577194 17.58801004 59.871101929 
211 33.5297811031 -74.8657302856 -72.4332046509 -34.8732070923 -29.8220273487 1 -18.5644685152 -7.39006643105 1.58275955528 17.58801004 59.871101929 
212 33.7101769447 -74.8048171997 -72.3722915649 -34.8122940063 -29.9399400352 2 -18.5644685152 -7.39006643105 1.58275955528 17.58801004 59.871101929 
213 33.8646211624 -71.9360046387 -69.5034790039 -31.9434814453 -31.0253068871 3 -18.6418560186 -9.09702491584 1.64355809025 17.588027513 59.871098718 
214 34.0119240284 -76.2952575684 -73.8627319336 -36.302734375 -31.2110514085 1 -18.6418560186 -9.09702491584 1.64355809025 17.588027513 59.871098718 
215 34.1693401337 -73.0913314819 -70.6588058472 -33.0988082886 -30.763664242 2 -18.6418571173 -9.09702545198 1.27009671021 17.588027513 59.871098718 
216 34.3620569706 -72.2921218872 -69.8595962524 -32.2995986938 -30.9633369464 3 -18.6418565804 -9.09702518997 1.45260424726 17.588027513 59.871098718 
217 34.5125131607 -76.878364563 -74.4458389282 -36.8858413696 -31.0075217698 1 -18.6418565804 -9.09702518997 1.45260424726 17.588027513 59.871098718 
218 34.6631200314 -72.8307876587 -70.3982620239 -32.8382644653 -30.9043454911 2 -18.6418569731 -9.0970253816 1.31912032739 17.588027513 59.871098718 
219 34.8226339817 -74.3985824585 -71.9660568237 -34.4060592651 -31.762938369 3 -18.5454834741 -10.8411120169 1.31912278855 17.588044904 59.871093902 
220 35.0084879398 -77.2946853638 -74.862159729 -37.3021621704 -31.7990365398 1 -18.5454829379 -10.8411117034 1.50233708241 17.588044904 59.871093902 
221 35.1639881134 -74.44581604 -72.0132904053 -34.4532928467 -32.6528983969 2 -18.5454835343 -10.8411120521 1.29853760513 17.588044904 59.871093902 
222 35.3170640469 -73.198928833 -70.7664031982 -33.2064056396 -32.035338001 3 -18.5454835343 -10.8411120521 1.29853760513 17.588044904 59.871093902 
223 35.4751360416 -79.3105773926 -76.8780517578 -39.3180541992 -32.15470386 1 -18.5454837074 -10.8411121533 1.2393913621 17.588044904 59.871093902 
224 35.6303150654 -73.9176025391 -71.4850769043 -33.9250793457 -31.9565436054 2 -18.5454837074 -10.8411121533 1.2393913621 17.588044904 59.871093902 
225 35.821573019 -74.446472168 -72.0139465332 -34.4539489746 -32.5690280797 3 -18.2611689208 -12.6587344543 1.61298065893 17.588062544 59.871087274 
226 35.9792261124 -78.3234024048 -75.89087677 -38.3308792114 -32.5138821363 1 -18.2611689208 -12.6587344543 1.61298065893 17.588062544 59.871087274 
227 36.1387560368 -73.5273361206 -71.0948104858 -33.5348129272 -32.3014052013 2 -18.2611698384 -12.6587350904 1.2945905816 17.588062544 59.871087274 
228 36.2911930084 -74.6991119385 -72.2665863037 -34.7065887451 -32.3917657001 3 -18.2611698384 -12.6587350904 1.2945905816 17.588062544 59.871087274 
229 36.4568080902 -79.5310821533 -77.0985565186 -39.53855896 -32.4527229518 1 -18.2611684614 -12.6587341358 1.77241449923 17.588062544 59.871087274 
230 36.597053051 -72.8140106201 -70.3814849854 -32.8214874268 -31.9921654968 2 -18.2611684614 -12.6587341358 1.77241449923 17.588062544 59.871087274 
231 36.7561039925 -72.747215271 -70.3146896362 -32.7546920776 -31.2347344072 3 -17.8595869324 -14.1286079507 1.56075086194 17.588076357 59.871080412 
232 36.9089479446 -77.177482605 -74.7449569702 -37.1849594116 -31.1438966899 1 -17.8595869324 -14.1286079507 1.56075086194 17.588076357 59.871080412 
233 37.0995919704 -75.5983657837 -73.1658401489 -35.6058425903 -32.0255850896 2 -17.8595866229 -14.1286077059 1.67056809416 17.588076357 59.871080412 
234 37.2350921631 -73.9137649536 -71.4812393188 -33.9212417603 -32.791074712 3 -17.8595858949 -14.12860713 1.92887841225 17.588076357 59.871080412 
235 37.3900611401 -77.9538116455 -75.5212860107 -37.9612884521 -32.8791231216 1 -17.8595858949 -14.12860713 1.92887841225 17.588076357 59.871080412 
236 37.5449571609 -72.6885147095 -70.2559890747 -32.6959915161 -31.5990031106 2 -17.859586585 -14.1286076759 1.68400910886 17.588076357 59.871080412 
237 37.7394850254 -74.3992156982 -71.9666900635 -34.4066925049 -31.7536825201 3 -17.859586585 -14.1286076759 1.68400910886 17.588076357 59.871080412 
238 37.8931210041 -80.8840484619 -78.4515228271 -40.8915252686 -31.8479175411 1 -17.4653081352 -15.6533167375 1.48112821819 17.588090744 59.871073489 
239 38.0478329659 -76.8366928101 -74.4041671753 -36.8441696167 -33.7137025507 2 -17.4653081352 -15.6533167375 1.48112821819 17.588090744 59.871073489 
240 38.199213028 -76.4656829834 -74.0331573486 -36.47315979 -34.9968001757 3 -17.4653082741 -15.653316862 1.43069918446 17.588090744 59.871073489 
241 38.3878040314 -83.4221115112 -80.9895858765 -43.4295883179 -35.0982621883 1 -17.4653082741 -15.653316862 1.43069918446 17.588090744 59.871073489 
242 38.5378520489 -78.1767730713 -75.7442474365 -38.1842498779 -35.5994058496 2 -17.4653079761 -15.6533165949 1.53882938479 17.588090744 59.871073489 
243 38.6943719387 -77.4389572144 -75.0064315796 -37.446434021 -36.1998106356 3 -17.4653079761 -15.6533165949 1.53882938479 17.588090744 59.871073489 
244 38.8543469906 -84.3995742798 -81.967048645 -44.4070510864 -36.2281828335 1 -17.1149409332 -17.2321277367 1.48216853166 17.588105794 59.871066827 
245 39.009305954 -74.4417037964 -72.0091781616 -34.449180603 -33.9443958411 2 -17.1149409332 -17.2321277367 1.48216853166 17.588105794 59.871066827 
246 39.1665389538 -77.725402832 -75.2928771973 -37.7328796387 -33.9985597443 3 -17.1149404771 -17.2321272775 1.6510391345 17.588105794 59.871066827 
247 39.3218331337 -93.7866439819 -91.3541183472 -53.7941207886 -34.0163851544 1 -17.1149402998 -17.2321270989 1.71671192471 17.588105794 59.871066827 
248 39.4733669758 -76.3357620239 -73.9032363892 -36.3432388306 -35.4231329525 2 -17.1149402998 -17.2321270989 1.71671192471 17.588105794 59.871066827 
249 39.6537749767 -79.2888641357 -76.856338501 -39.2963409424 -35.8465691754 3 -17.1149406668 -17.2321274684 1.58082890223 17.588105794 59.871066827 
250 39.8102791309 -85.5838241577 -83.1512985229 -45.5913009644 -35.8228346412 1 -16.6808382642 -18.4721527674 1.58083123803 17.588117196 59.871060204 
251 39.9606950283 -75.4922866821 -73.0597610474 -35.4997634888 -35.1336627234 2 -16.6808392099 -18.4721538147 1.22155924906 17.588117196 59.871060204 
252 40.1154000759 -82.6124420166 -80.1799163818 -42.6199188232 -35.3995014812 3 -16.6808392099 -18.4721538147 1.22155924906 17.588117196 59.871060204 
253 40.3033380508 -87.6273269653 -85.1948013306 -47.634803772 -35.411657436 1 -16.6808384409 -18.4721529631 1.51369649034 17.588117196 59.871060204 
254 40.4543859959 -76.1723556519 -73.7398300171 -36.1798324585 -36.0602019463 2 -16.6808385991 -18.4721531383 1.45360733261 17.588117196 59.871060204 
255 40.6055080891 -89.1879959106 -86.7554702759 -49.1954727173 -36.1633685075 3 -16.6808385991 -18.4721531383 1.45360733261 17.588117196 59.871060204 
256 40.7663581371 -82.2277450562 -79.7952194214 -42.2352218628 -36.0451232661 1 -16.1736170746 -19.5946098573 1.49310157644 17.588127216 59.871053209 
257 40.9520220757 -80.2257995605 -77.7932739258 -40.2332763672 -39.4812168088 2 -16.1736170746 -19.5946098573 1.49310157644 17.588127216 59.871053209 
258 41.1056921482 -90.3160858154 -87.8835601807 -50.3235626221 -39.4912759723 3 -16.1736170159 -19.5946097862 1.51608641645 17.588127216 59.871053209 
259 41.2556409836 -80.4354019165 -78.0028762817 -40.4428787231 -38.8195094435 1 -16.1736170159 -19.5946097862 1.51608641645 17.588127216 59.871053209 
260 41.4103310108 -80.8983078003 -78.4657821655 -40.9057846069 -39.1442181853 2 -16.1736166206 -19.5946093072 1.67098530727 17.588127216 59.871053209 
261 41.5987131596 -88.2341690063 -85.8016433716 -48.241645813 -39.1240218225 3 -16.1736166206 -19.5946093072 1.67098530727 17.588127216 59.871053209 
262 41.75157094 -81.2625579834 -78.8300323486 -41.27003479 -39.5353690068 1 -16.1736170081 -19.5946097767 1.51916303461 17.588127216 59.871053209 
263 41.9411730766 -81.8091506958 -79.376625061 -41.8166275024 -39.9723034623 2 -15.3618285316 -20.7688718109 1.59837828784 17.588136958 59.871043431 
264 42.1260681152 -105.076622009 -102.644096375 -65.0840988159 -40.0210070729 3 -15.3618285316 -20.7688718109 1.59837828784 17.588136958 59.871043431 
265 42.2829320431 -79.3383865356 -76.9058609009 -39.3458633423 -38.7421363891 1 -15.3618272851 -20.7688701256 2.11258230611 17.588136958 59.871043431 
266 42.4220340252 -78.5727233887 -76.1401977539 -38.5802001953 -37.4243021034 2 -15.3618272851 -20.7688701256 2.11258230611 17.588136958 59.871043431 
267 42.5853099823 -103.593963623 -101.161437988 -63.6014404297 -37.4242958553 3 -15.3618279111 -20.7688709719 1.85434289378 17.588136958 59.871043431 
268 42.7357189655 -85.1632995605 -82.7307739258 -45.1707763672 -38.478225788 1 -15.3618279111 -20.7688709719 1.85434289378 17.588136958 59.871043431 
269 42.9186460972 -82.9766311646 -80.5441055298 -42.9841079712 -42.3078255613 2 -14.5619697496 -21.711501432 1.47909910327 17.588144388 59.871034285 
270 43.0700590611 -90.9871673584 -88.5546417236 -50.994644165 -42.2685477327 3 -14.5619697496 -21.711501432 1.47909910327 17.588144388 59.871034285 
271 43.2327890396 -90.5994338989 -88.1669082642 -50.6069107056 -42.8680899408 1 -14.5619676638 -21.7114983221 2.38676475257 17.588144388 59.871034285 
272 43.385338068 -75.8392333984 -73.4067077637 -35.8467102051 -35.8422612868 2 -14.5619698511 -21.7115015833 1.43493559611 17.588144388 59.871034285 
273 43.5726480484 -85.4550552368 -83.0225296021 -45.4625320435 -35.8185512497 3 -14.5619698511 -21.7115015833 1.43493559611 17.588144388 59.871034285 
274 43.7297890186 -76.0619354248 -73.62940979 -36.0694122314 -34.4364774749 1 -14.5619702343 -21.7115021546 1.26818803777 17.588144388 59.871034285 
275 43.8881759644 -80.8998031616 -78.4672775269 -40.9072799683 -35.8214293458 2 -13.845057067 -22.646574824 1.26818970287 17.58815196 59.871025882 
276 44.0363731384 -91.4028091431 -88.9702835083 -51.4102859497 -35.8455241513 3 -13.8450560626 -22.6465731811 1.72789775422 17.58815196 59.871025882 
277 44.219725132 -84.9006881714 -82.4681625366 -44.908164978 -40.5731224075 1 -13.8450560626 -22.6465731811 1.72789775422 17.58815196 59.871025882 
278 44.3706231117 -81.9093322754 -79.4768066406 -41.916809082 -41.406669433 2 -13.8450559432 -22.6465729858 1.78253209277 17.58815196 59.871025882 
279 44.5257861614 -90.8120574951 -88.3795318604 -50.8195343018 -41.3999020874 3 -13.8450559432 -22.6465729858 1.78253209277 17.58815196 59.871025882 
280 44.6842391491 -78.1190795898 -75.6865539551 -38.1265563965 -37.7718343 1 -13.8450567181 -22.6465742533 1.42786519269 17.58815196 59.871025882 
281 44.8732020855 -80.9753112793 -78.5427856445 -40.9827880859 -37.6053579342 2 -13.0887523969 -23.5273531365 2.06207778982 17.588158879 59.871017258 
282 45.0206661224 -81.3428268433 -78.9103012085 -41.3503036499 -37.2533834201 3 -13.0887523969 -23.5273531365 2.06207778982 17.588158879 59.871017258 
283 45.1812710762 -76.850227356 -74.4177017212 -36.8577041626 -36.3285527199 1 -13.0887528828 -23.52735401 1.82680955732 17.588158879 59.871017258 
284 45.3292069435 -84.6028671265 -82.1703414917 -44.6103439331 -36.5457873091 2 -13.0887528828 -23.52735401 1.82680955732 17.588158879 59.871017258 
285 45.5288860798 -79.0441665649 -76.6116409302 -39.0516433716 -36.1391298137 3 -13.0887530641 -23.5273543359 1.73904560918 17.588158879 59.871017258 
286 45.6763670444 -76.4574661255 -74.0249404907 -36.4649429321 -35.8500279975 1 -13.0887530641 -23.5273543359 1.73904560918 17.588158879 59.871017258 
287 45.8270800114 -81.3799743652 -78.9474487305 -41.3874511719 -35.7227263136 2 -13.0887530248 -23.5273542654 1.75804160018 17.588158879 59.871017258 
288 45.979336977 -76.6668014526 -74.2342758179 -36.6742782593 -34.9470928321 3 -12.4073613194 -24.340299867 1.75804329941 17.588165309 59.871009444 
289 46.1709680557 -76.5503158569 -74.1177902222 -36.5577926636 -34.9927507958 1 -12.4073609835 -24.3402992081 1.92958897102 17.588165309 59.871009444 
290 46.3272719383 -90.03125 -87.5987243652 -50.0387268066 -35.107861611 2 -12.4073609835 -24.3402992081 1.92958897102 17.588165309 59.871009444 
291 46.4825799465 -79.0404815674 -76.6079559326 -39.047958374 -35.9554560335 3 -12.4073612636 -24.3402997577 1.78650488053 17.588165309 59.871009444 
292 46.6324310303 -77.2197265625 -74.7872009277 -37.2272033691 -36.4427878158 1 -12.4073612171 -24.3402996664 1.81028940538 17.588165309 59.871009444 
293 46.8221960068 -89.9750595093 -87.5425338745 -49.9825363159 -36.4426791494 2 -11.5614891357 -24.8440787472 1.81028976058 17.588168178 59.871000895 
294 46.9724640846 -79.3049087524 -76.8723831177 -39.3123855591 -36.5190075785 3 -11.5614891688 -24.8440788182 1.79218738022 17.588168178 59.871000895 
295 47.1318171024 -78.0956878662 -75.6631622314 -38.1031646729 -37.1137169691 1 -11.5614891688 -24.8440788182 1.79218738022 17.588168178 59.871000895 
296 47.2811279297 -87.4108581543 -84.9783325195 -47.4183349609 -37.1006777998 2 -11.5614894299 -24.8440793792 1.64908998564 17.588168178 59.871000895 
297 47.4672679901 -77.5133895874 -75.0808639526 -37.520866394 -36.2745440418 3 -11.5614894299 -24.8440793792 1.64908998564 17.588168178 59.871000895 
298 47.6203479767 -80.0849761963 -77.6524505615 -40.0924530029 -36.9238343243 1 -11.5614892249 -24.8440789387 1.76143850284 17.588168178 59.871000895 
299 47.7739191055 -93.4041519165 -90.9716262817 -53.4116287231 -36.9400929479 2 -11.5614891057 -24.8440786825 1.82677692554 17.588168178 59.871000895 
300 47.9260709286 -76.5016479492 -74.0691223145 -36.5091247559 -36.1269584065 3 -10.9407975261 -24.9586059835 1.82677627322 17.588167702 59.870995203 
301 48.1146781445 -80.6287002563 -78.1961746216 -40.636177063 -36.2058270131 1 -10.9407982664 -24.9586076723 1.39799905542 17.588167702 59.870995203 
302 48.2811410427 -88.6916046143 -86.2590789795 -48.6990814209 -36.1997337173 2 -10.9407982664 -24.9586076723 1.39799905542 17.588167702 59.870995203 
303 48.4220900536 -76.4021759033 -73.9696502686 -36.40965271 -36.1132116117 3 -10.9407979421 -24.9586069325 1.58581982141 17.588167702 59.870995203 
304 48.5850901604 -77.534576416 -75.1020507812 -37.5420532227 -35.3929651933 1 -10.9407979421 -24.9586069325 1.58581982141 17.588167702 59.870995203 
305 48.7649700642 -90.8111724854 -88.3786468506 -50.818649292 -35.3959195894 2 -10.9407973935 -24.958605681 1.90358211702 17.588167702 59.870995203 
306 48.9208040237 -77.8997192383 -75.4671936035 -37.9071960449 -36.2092077161 3 -10.6898330181 -25.2040299702 1.90358266069 17.588169524 59.870992448 
307 49.0701899529 -77.0141601562 -74.5816345215 -37.0216369629 -35.9121646759 1 -10.689833506 -25.2040311204 1.6144017508 17.588169524 59.870992448 
308 49.2229421139 -86.1029815674 -83.6704559326 -46.110458374 -35.8946826363 2 -10.689833506 -25.2040311204 1.6144017508 17.588169524 59.870992448 
309 49.4040360451 -78.9432296753 -76.5107040405 -38.9507064819 -36.2502176997 3 -10.6898332263 -25.204030461 1.78020624636 17.588169524 59.870992448 
310 49.5608420372 -78.4598922729 -76.0273666382 -38.4673690796 -37.1550506826 1 -10.6898330649 -25.2040300804 1.8758789012 17.588169524 59.870992448 
311 49.7150030136 -89.0668792725 -86.6343536377 -49.0743560791 -37.1813669888 2 -10.6898330649 -25.2040300804 1.8758789012 17.588169524 59.870992448 
312 49.8721311092 -78.9857177734 -76.5531921387 -38.9931945801 -37.2000749718 3 -10.6305187474 -25.1645145063 1.61996059961 17.588168968 59.870992019 
313 50.0625910759 -78.5236358643 -76.0911102295 -38.5311126709 -37.2354052599 1 -10.6305187474 -25.1645145063 1.61996059961 17.588168968 59.870992019 
314 50.2184989452 -88.4583129883 -86.0257873535 -48.4657897949 -37.2323957642 2 -10.6305186425 -25.164514258 1.68246854253 17.588168968 59.870992019 
315 50.3640210629 -78.4806747437 -76.0481491089 -38.4881515503 -36.9933257933 3 -10.6305186425 -25.164514258 1.68246854253 17.588168968 59.870992019 
316 50.5202670097 -78.0124053955 -75.5798797607 -38.0198822021 -36.7264992184 1 -10.6305185593 -25.1645140609 1.73210281203 17.588168968 59.870992019 
317 50.6993560791 -89.5997085571 -87.1671829224 -49.6071853638 -36.7304878642 2 -10.6305185593 -25.1645140609 1.73210281203 17.588168968 59.870992019 
318 50.8598179817 -78.4859085083 -76.0533828735 -38.4933853149 -36.732815907 3 -10.642749073 -24.8400878021 1.58843600242 17.588165718 59.870992865 
319 51.012403965 -78.5047988892 -76.0722732544 -38.5122756958 -36.9911407426 1 -10.642749073 -24.8400878021 1.58843600242 17.588165718 59.870992865 
320 51.1708519459 -89.8014984131 -87.3689727783 -49.8089752197 -36.9917184733 2 -10.6427493612 -24.8400884748 1.41682733296 17.588165718 59.870992865 
321 51.3541851044 -78.9765853882 -76.5440597534 -38.9840621948 -37.2236190385 3 -10.6427490278 -24.8400876966 1.61536624664 17.588165718 59.870992865 
322 51.5063800812 -77.3703079224 -74.9377822876 -37.377784729 -36.5257243121 1 -10.6427490278 -24.8400876966 1.61536624664 17.588165718 59.870992865 
323 51.6590311527 -84.6600646973 -82.2275390625 -44.6675415039 -36.4799021784 2 -10.6427484096 -24.8400862537 1.98343792899 17.588165718 59.870992865 
324 51.8178739548 -78.7639541626 -76.3314285278 -38.7714309692 -36.4105157494 3 -10.6541550679 -24.7025901904 1.98343740976 17.588164357 59.870993278 
325 52.0042631626 -78.1064834595 -75.6739578247 -38.1139602661 -36.8525339483 1 -10.6541548924 -24.7025897834 2.08783702488 17.588164357 59.870993278 
326 52.1514191628 -84.8828430176 -82.4503173828 -44.8903198242 -36.8583330913 2 -10.6541548924 -24.7025897834 2.08783702488 17.588164357 59.870993278 
327 52.313931942 -79.0827407837 -76.6502151489 -39.0902175903 -36.9848000568 3 -10.6541546174 -24.702589146 2.25134960178 17.588164357 59.870993278 
328 52.466892004 -78.2861633301 -75.8536376953 -38.2936401367 -37.0898227695 1 -10.6541551743 -24.702590437 1.92016633893 17.588164357 59.870993278 
329 52.6484179497 -85.4526138306 -83.0200881958 -45.4600906372 -37.1036664789 2 -10.6541551743 -24.702590437 1.92016633893 17.588164357 59.870993278 
330 52.8024871349 -79.2073364258 -76.774810791 -39.2148132324 -37.1527221216 3 -10.5593048842 -24.5968080727 1.80006088687 17.588163037 59.870992689 
331 52.9555840492 -77.9763565063 -75.5438308716 -37.983833313 -36.9642393205 1 -10.5593048842 -24.5968080727 1.80006088687 17.588163037 59.870992689 
332 53.1170721054 -83.481262207 -81.0487365723 -43.4887390137 -36.9009690859 2 -10.5593046352 -24.5968074926 1.94950943951 17.588163037 59.870992689 
333 53.3032159805 -80.015663147 -77.5831375122 -40.0231399536 -37.1469227338 3 -10.5593046352 -24.5968074926 1.94950943951 17.588163037 59.870992689 
334 53.445882082 -77.9444198608 -75.5118942261 -37.9518966675 -37.1251493662 1 -10.5593041219 -24.5968062969 2.25755238661 17.588163037 59.870992689 
335 53.5915601254 -82.3528594971 -79.9203338623 -42.3603363037 -37.0475814592 2 -10.5593041218 -24.5968062967 2.25758321659 17.588163037 59.870992689 
336 53.7501299381 -79.0898666382 -76.6573410034 -39.0973434448 -36.772495275 3 -10.5593044956 -24.5968071674 2.03329085405 17.588163037 59.870992689 
337 53.9033420086 -77.7181243896 -75.2855987549 -37.7256011963 -36.6381813575 1 -10.4398625043 -24.4905068657 2.03329024315 17.588161647 59.870991886 
338 54.0869071484 -84.0100021362 -81.5774765015 -44.0174789429 -36.7229334115 2 -10.4398630589 -24.4905081668 1.69663066707 17.588161647 59.870991886 
339 54.2407140732 -79.1156616211 -76.6831359863 -39.1231384277 -36.7315420977 3 -10.4398624992 -24.4905068537 2.03639317362 17.588161647 59.870991886 
340 54.3943121433 -77.6697692871 -75.2372436523 -37.6772460938 -36.7008236331 1 -10.4398624991 -24.4905068534 2.03645111037 17.588161647 59.870991886 
341 54.5849730968 -83.3288955688 -80.8963699341 -43.3363723755 -36.673468732 2 -10.439863072 -24.4905081975 1.68866970978 17.588161647 59.870991886 
342 54.7738909721 -79.2034606934 -76.7709350586 -39.2109375 -36.7014975985 3 -10.439863072 -24.4905081975 1.68866970978 17.588161647 59.870991886 
343 54.9296350479 -77.8675613403 -75.4350357056 -37.875038147 -36.825600297 1 -10.3406100383 -24.3177661783 2.0916501482 17.588159638 59.870991411 
344 55.0834319592 -82.7466659546 -80.3141403198 -42.7541427612 -36.7925516315 2 -10.3406100383 -24.3177661783 2.0916501482 17.588159638 59.870991411 
345 55.2379050255 -79.1994094849 -76.7668838501 -39.2068862915 -36.7912206271 3 -10.3406100728 -24.3177662595 2.07048716154 17.588159638 59.870991411 
346 55.4195239544 -78.2572784424 -75.8247528076 -38.264755249 -37.0193660514 1 -10.3406098034 -24.3177656261 2.2355484534 17.588159638 59.870991411 
347 55.5759861469 -82.5854187012 -80.1528930664 -42.5928955078 -37.0074653961 2 -10.3406098034 -24.3177656261 2.2355484534 17.588159638 59.870991411 
348 55.7281360626 -79.1271896362 -76.6946640015 -39.1346664429 -36.9809583705 3 -10.3406096049 -24.3177651593 2.35718367813 17.588159638 59.870991411 
349 55.8863401413 -77.380027771 -74.9475021362 -37.3875045776 -36.452380206 1 -10.2959779784 -24.1981187226 2.35718314706 17.58815831 59.870991293 
350 56.0654380322 -83.0332794189 -80.6007537842 -43.0407562256 -36.4764475313 2 -10.2959778191 -24.1981183484 2.45516688526 17.58815831 59.870991293 
351 56.2258009911 -79.1409835815 -76.7084579468 -39.1484603882 -36.4804939482 3 -10.2959778191 -24.1981183484 2.45516688526 17.58815831 59.870991293 
352 56.372918129 -77.630241394 -75.1977157593 -37.6377182007 -36.6419959105 1 -10.2959789682 -24.198121049 1.7479641719 17.58815831 59.870991293 
353 56.5283229351 -82.7657546997 -80.3332290649 -42.7732315063 -36.6270972155 2 -10.2959786189 -24.1981202279 1.96297546855 17.58815831 59.870991293 
354 56.7176389694 -79.2990722656 -76.8665466309 -39.3065490723 -36.6753735039 3 -10.2959786189 -24.1981202279 1.96297546855 17.58815831 59.870991293 
355 56.8583109379 -77.1884994507 -74.7559738159 -37.1959762573 -36.3816623925 1 -10.2384256796 -24.0986409155 1.96297499703 17.588157152 59.870991016 
356 57.0123291016 -82.2453231812 -79.8127975464 -42.2527999878 -36.3508977588 2 -10.2384255059 -24.0986405068 2.07043252841 17.588157152 59.870991016 
357 57.164219141 -79.0597763062 -76.6272506714 -39.0672531128 -36.2869908131 3 -10.238425899 -24.0986414321 1.82713908789 17.588157152 59.870991016 
358 57.3526761532 -77.8221359253 -75.3896102905 -37.8296127319 -36.6825133172 1 -10.238425899 -24.0986414321 1.82713908789 17.588157152 59.870991016 
359 57.5023419857 -82.1245193481 -79.6919937134 -42.1319961548 -36.6729808313 2 -10.238425884 -24.0986413967 1.83644761729 17.588157152 59.870991016 
360 57.6559159756 -78.9412078857 -76.508682251 -38.9486846924 -36.632893196 3 -10.238425884 -24.0986413967 1.83644761729 17.588157152 59.870991016 
361 57.813945055 -77.3965988159 -74.9640731812 -37.4040756226 -36.3775870776 1 -10.1744214914 -23.9840376858 1.9179247843 17.588155824 59.870990717 
362 57.9942619801 -82.5665283203 -80.1340026855 -42.574005127 -36.4060276831 2 -10.1744214914 -23.9840376858 1.9179247843 17.588155824 59.870990717 
363 58.1344640255 -79.2844161987 -76.851890564 -39.2918930054 -36.5067654566 3 -10.1744216311 -23.9840380152 1.83090105444 17.588155824 59.870990717 
364 58.2928819656 -77.6757125854 -75.2431869507 -37.6831893921 -36.6873324483 1 -10.1744216311 -23.9840380152 1.83090105444 17.588155824 59.870990717 
365 58.4475390911 -81.6924591064 -79.2599334717 -41.6999359131 -36.6169460798 2 -10.1744213646 -23.9840373869 1.99688836006 17.588155824 59.870990717 
366 58.6270210743 -79.6292419434 -77.1967163086 -39.63671875 -36.7120189357 3 -10.1744213646 -23.9840373869 1.99688836006 17.588155824 59.870990717 
367 58.783561945 -77.4012145996 -74.9686889648 -37.4086914062 -36.5325562614 1 -10.1373766703 -23.8509507438 1.82468258275 17.58815438 59.870990696 
368 58.9361691475 -81.9973449707 -79.5648193359 -42.0048217773 -36.5590520179 2 -10.1373768741 -23.8509512233 1.69728816053 17.58815438 59.870990696 
369 59.0933411121 -79.4693374634 -77.0368118286 -39.47681427 -36.5192023421 3 -10.1373768741 -23.8509512233 1.69728816053 17.58815438 59.870990696 
370 59.2785251141 -78.0404129028 -75.6078872681 -38.0478897095 -36.9219543156 1 -10.1373760458 -23.8509492745 2.21504501396 17.58815438 59.870990696 
371 59.4321739674 -82.4886703491 -80.0561447144 -42.4961471558 -36.9646964677 2 -10.1373760458 -23.8509492745 2.21504501396 17.58815438 59.870990696 
372 59.5901370049 -79.259727478 -76.8272018433 -39.2672042847 -36.8965743742 3 -10.1373762925 -23.8509498549 2.06085278981 17.58815438 59.870990696 
373 59.7393679619 -77.7602310181 -75.3277053833 -37.7677078247 -36.7273495699 1 -10.1373762925 -23.8509498549 2.06085278981 17.58815438 59.870990696 
374 59.9270949364 -83.6706008911 -81.2380752563 -43.6780776978 -36.7922824018 2 -10.0999009445 -23.7737213182 2.37457969786 17.5881535 59.870990544 
