Nr Etime Raw dBm dBmW/m2 sum:dBmW/m2 loop X Y Z 
1 0 -89.4282684326 -86.9957427979 -49.4357452393 -35.5483207614 1 -9.66377284187 -23.1247746377 1.37568534539 17.588145786 59.870988206 
2 0.0355958938599 -81.6293792725 -79.1968536377 -41.6368560791 -35.467521351 2 -9.66377259454 -23.1247740458 1.53787084156 17.588145786 59.870988206 
3 0.190476894379 -73.5087127686 -71.0761871338 -33.5161895752 -33.4638080675 3 -9.66377259454 -23.1247740458 1.53787084156 17.588145786 59.870988206 
4 0.379724025726 -83.0183181763 -80.5857925415 -43.0257949829 -33.4387729854 1 -9.70878229 -23.0671930138 1.67932506125 17.588145322 59.870988731 
5 0.533502101898 -83.2649307251 -80.8324050903 -43.2724075317 -33.4652798364 2 -9.70878199689 -23.0671923174 1.87063149148 17.588145322 59.870988731 
6 0.686323881149 -75.2222595215 -72.7897338867 -35.2297363281 -35.1191986141 3 -9.70878199689 -23.0671923174 1.87063149148 17.588145322 59.870988731 
7 0.846950054169 -81.6655960083 -79.2330703735 -41.6730728149 -35.0705259677 1 -9.70878260853 -23.0671937706 1.47142404729 17.588145322 59.870988731 
8 1.03120088577 -84.2050094604 -81.7724838257 -44.2124862671 -35.0880614874 2 -9.70878260853 -23.0671937706 1.47142404729 17.588145322 59.870988731 
9 1.17895197868 -85.2280273438 -82.795501709 -45.2355041504 -40.7862399918 3 -9.70878256839 -23.0671936752 1.49761961474 17.588145322 59.870988731 
10 1.3385488987 -84.3205413818 -81.8880157471 -44.3280181885 -42.1607172779 1 -10.0652525336 -22.8758506325 1.49761947674 17.588144325 59.870992286 
11 1.49000692368 -83.7760314941 -81.3435058594 -43.7835083008 -41.9837597478 2 -10.0652531351 -22.8758519994 1.11896780546 17.588144325 59.870992286 
12 1.67479896545 -77.4476394653 -75.0151138306 -37.455116272 -37.2551708184 3 -10.0652531351 -22.8758519994 1.11896780546 17.588144325 59.870992286 
13 1.83213496208 -85.8278503418 -83.395324707 -45.8353271484 -37.2974186228 1 -10.0652526449 -22.8758508853 1.42759187587 17.588144325 59.870992286 
14 1.9793150425 -81.0654678345 -78.6329421997 -41.0729446411 -37.0410597171 2 -10.0652526449 -22.8758508853 1.42759187587 17.588144325 59.870992286 
15 2.13466906548 -76.4972686768 -74.064743042 -36.5047454834 -36.2285977304 3 -10.0652531389 -22.8758520081 1.1165514731 17.588144325 59.870992286 
16 2.32322907448 -84.5655136108 -82.1329879761 -44.5729904175 -36.208174838 1 -10.6992548005 -22.3497312771 1.47005712224 17.588140672 59.870999032 
17 2.46797204018 -82.5022354126 -80.0697097778 -42.5097122192 -36.3230119467 2 -10.6992548005 -22.3497312771 1.47005712224 17.588140672 59.870999032 
18 2.62855410576 -88.2352523804 -85.8027267456 -48.242729187 -41.6908890218 3 -10.6992544025 -22.3497304458 1.70576434206 17.588140672 59.870999032 
19 2.77696895599 -89.9224090576 -87.4898834229 -49.9298858643 -42.2945574047 1 -10.6992544025 -22.3497304458 1.70576434206 17.588140672 59.870999032 
20 2.96102404594 -81.4882507324 -79.0557250977 -41.4957275391 -41.3583741092 2 -10.699255991 -22.349733764 0.764947626533 17.588140672 59.870999032 
21 3.11500906944 -79.7051696777 -77.272644043 -39.7126464844 -38.9073372217 3 -10.699255991 -22.349733764 0.764947626533 17.588140672 59.870999032 
22 3.26646304131 -91.6605148315 -89.2279891968 -51.6679916382 -38.9148195403 1 -10.6992542294 -22.3497300842 1.8082834604 17.588140672 59.870999032 
23 3.42256689072 -80.6067428589 -78.1742172241 -40.6142196655 -38.6065161421 2 -11.3583802625 -21.5675901446 1.26982678341 17.588134495 59.871006581 
24 3.60643100739 -80.8071517944 -78.3746261597 -40.8146286011 -39.1999830449 3 -11.3583802626 -21.5675901447 1.26981523584 17.588134495 59.871006581 
25 3.76757311821 -104.166519165 -101.73399353 -64.1739959717 -39.2069409175 1 -11.3583796243 -21.5675889327 1.62590586846 17.588134495 59.871006581 
26 3.91388201714 -82.6288299561 -80.1963043213 -42.6363067627 -40.0346087507 2 -11.3583796243 -21.5675889327 1.62590586846 17.588134495 59.871006581 
27 4.06980800629 -91.4979858398 -89.0654602051 -51.5054626465 -42.5999528117 3 -11.3583804905 -21.5675905774 1.14266934765 17.588134495 59.871006581 
28 4.25411009789 -96.6293487549 -94.1968231201 -56.6368255615 -42.5966768612 1 -11.3583804905 -21.5675905774 1.14266934765 17.588134495 59.871006581 
29 4.41183996201 -81.172668457 -78.7401428223 -41.1801452637 -41.1597878604 2 -12.166267679 -20.9538970841 1.99215882876 17.588130414 59.871015048 
30 4.56104111671 -85.3514022827 -82.9188766479 -45.3588790894 -40.8827506825 3 -12.166267679 -20.9538970841 1.99215882876 17.588130414 59.871015048 
31 4.71278595924 -87.4378509521 -85.0053253174 -47.4453277588 -40.7809682933 1 -12.1662676685 -20.9538970661 1.99760336379 17.588130414 59.871015048 
32 4.90110993385 -90.5977401733 -88.1652145386 -50.60521698 -44.5195687658 2 -12.1662676685 -20.9538970661 1.99760336379 17.588130414 59.871015048 
33 5.03436207771 -92.5543441772 -90.1218185425 -52.5618209839 -46.829117695 3 -12.1662674015 -20.9538966063 2.13667253091 17.588130414 59.871015048 
34 5.1914100647 -97.263458252 -94.8309326172 -57.2709350586 -49.7945176038 1 -12.1662674015 -20.9538966063 2.13667253091 17.588130414 59.871015048 
35 5.34291410446 -88.4175186157 -85.984992981 -48.4249954224 -48.091828284 2 -13.0429902812 -20.3785321717 1.40496305925 17.588126902 59.87102403 
36 5.52694702148 -95.8470230103 -93.4144973755 -55.8544998169 -48.3197098603 3 -13.0429902803 -20.3785321703 1.40540012084 17.588126902 59.87102403 
37 5.68096089363 -87.6525421143 -85.2200164795 -47.6600189209 -46.4747559546 1 -13.0429902803 -20.3785321703 1.40540012084 17.588126902 59.87102403 
38 5.83800506592 -95.0881576538 -92.655632019 -55.0956344604 -47.5426425393 2 -13.0429901778 -20.3785320102 1.4551791204 17.588126902 59.87102403 
39 5.9894349575 -93.8596801758 -91.427154541 -53.8671569824 -47.4730267232 3 -13.0429901778 -20.3785320102 1.4551791204 17.588126902 59.87102403 
40 6.17478394508 -86.6338195801 -84.2012939453 -46.6412963867 -46.5224533145 1 -13.0429903392 -20.3785322624 1.37676632926 17.588126902 59.87102403 
41 6.33190608025 -95.3060836792 -92.8735580444 -55.3135604858 -46.5264570264 2 -13.7373667409 -19.5917604533 1.37676531571 17.588120771 59.871031898 
42 6.47821688652 -93.6940994263 -91.2615737915 -53.7015762329 -46.5206098218 3 -13.7373658619 -19.5917591997 1.78224147982 17.588120771 59.871031898 
43 6.63849806786 -84.6821289062 -82.2496032715 -44.6896057129 -44.6396664821 1 -13.7373659519 -19.5917593281 1.74069960005 17.588120771 59.871031898 
44 6.82080602646 -84.1797103882 -81.7471847534 -44.1871871948 -42.9036584184 2 -13.7373659519 -19.5917593281 1.74069960005 17.588120771 59.871031898 
45 6.97700810432 -87.3855361938 -84.9530105591 -47.3930130005 -42.6583705702 3 -13.7373655209 -19.5917587134 1.9395145874 17.588120771 59.871031898 
46 7.13103508949 -84.3977508545 -81.9652252197 -44.4052276611 -42.542295762 1 -13.7373655209 -19.5917587134 1.9395145874 17.588120771 59.871031898 
47 7.2909219265 -85.2941131592 -82.8615875244 -45.3015899658 -42.9950565672 2 -14.3626102948 -18.5332727001 1.48479354302 17.588111709 59.87103978 
48 7.44670701027 -92.630065918 -90.1975402832 -52.6375427246 -43.2730382841 3 -14.3626102948 -18.5332727001 1.48479354302 17.588111709 59.87103978 
49 7.59797000885 -85.5860900879 -83.1535644531 -45.5935668945 -43.8983659672 1 -14.3626100456 -18.5332723785 1.59477588232 17.588111709 59.87103978 
50 7.7515809536 -83.1695098877 -80.7369842529 -43.1769866943 -42.5391426832 2 -14.3626100456 -18.5332723785 1.59477588232 17.588111709 59.87103978 
51 7.90531110764 -91.8428649902 -89.4103393555 -51.8503417969 -42.5300937786 3 -14.3626090911 -18.5332711469 2.01588151219 17.588111709 59.87103978 
52 8.09209108353 -91.8162994385 -89.3837738037 -51.8237762451 -43.0979461466 1 -14.3626090911 -18.5332711469 2.01588151219 17.588111709 59.87103978 
53 8.23795199394 -80.4848556519 -78.0523300171 -40.4923324585 -40.4690772878 2 -14.3626097372 -18.5332719805 1.73083926247 17.588111709 59.87103978 
54 8.39645910263 -87.1151428223 -84.6826171875 -47.1226196289 -40.3809816574 3 -15.0273414012 -17.3911627179 1.73083756715 17.588101905 59.871048198 
55 8.55250501633 -100.537948608 -98.1054229736 -60.545425415 -40.391981821 1 -15.0273414317 -17.3911627531 1.7179821448 17.588101905 59.871048198 
56 8.73801088333 -92.6011199951 -90.1685943604 -52.6085968018 -46.9514534045 2 -15.0273414317 -17.3911627531 1.7179821448 17.588101905 59.871048198 
57 8.89080405235 -87.1599502563 -84.7274246216 -47.167427063 -46.992831936 3 -15.0273418772 -17.3911632688 1.5301114073 17.588101905 59.871048198 
58 9.04572200775 -89.0748825073 -86.6423568726 -49.082359314 -46.2933107935 1 -15.0273422738 -17.3911637277 1.36289134037 17.588101905 59.871048198 
59 9.20610308647 -79.7657165527 -77.333190918 -39.7731933594 -39.673570169 2 -15.5327984426 -16.3914364318 1.3628898939 17.588093122 59.871054898 
60 9.38115310669 -85.2709579468 -82.838432312 -45.2784347534 -39.5801183334 3 -15.5327987306 -16.3914367358 1.24538719133 17.588093122 59.871054898 
61 9.52110600471 -81.9378433228 -79.505317688 -41.9453201294 -38.9708358124 1 -15.5327987306 -16.3914367358 1.24538719133 17.588093122 59.871054898 
62 9.6715939045 -81.1353759766 -78.7028503418 -41.1428527832 -39.8188326865 2 -15.532798454 -16.3914364439 1.35822179069 17.588093122 59.871054898 
63 9.83260798454 -92.1907730103 -89.7582473755 -52.1982498169 -39.9941928302 3 -15.532798454 -16.3914364439 1.35822179069 17.588093122 59.871054898 
64 9.98028993607 -81.3470001221 -78.9144744873 -41.3544769287 -39.7339460208 1 -15.5327987224 -16.3914367271 1.24873384921 17.588093122 59.871054898 
65 10.1705479622 -82.3410263062 -79.9085006714 -42.3485031128 -40.2809519143 2 -15.5327987224 -16.3914367271 1.24873384921 17.588093122 59.871054898 
66 10.3286650181 -79.9060058594 -77.4734802246 -39.913482666 -38.5884184705 3 -15.9192042079 -15.3303786731 1.67987235058 17.588083405 59.871060696 
67 10.4748051167 -76.2943496704 -73.8618240356 -36.3018264771 -35.8150540919 1 -15.9192042079 -15.3303786731 1.67987235058 17.588083405 59.871060696 
68 10.6326999664 -84.9692306519 -82.5367050171 -44.9767074585 -35.8916091656 2 -15.9192056457 -15.3303800577 1.10757363027 17.588083405 59.871060696 
69 10.8266971111 -85.0996398926 -82.6671142578 -45.1071166992 -36.2255633991 3 -15.9192046665 -15.3303791148 1.49731618657 17.588083405 59.871060696 
70 10.9777340889 -76.9464874268 -74.513961792 -36.9539642334 -36.8516079117 1 -15.9192046665 -15.3303791148 1.49731618657 17.588083405 59.871060696 
71 11.145925045 -78.0426940918 -75.610168457 -38.0501708984 -35.8969979145 2 -15.9192037458 -15.3303782281 1.86382044206 17.588083405 59.871060696 
72 11.2895319462 -82.0068969727 -79.5743713379 -42.0143737793 -35.800609276 3 -16.4907511413 -14.9418968565 1.86382097562 17.58808098 59.871066582 
73 11.4840500355 -80.088508606 -77.6559829712 -40.0959854126 -37.0972246905 1 -16.490752972 -14.9418985153 1.16035239866 17.58808098 59.871066582 
74 11.6323640347 -76.0443344116 -73.6118087769 -36.0518112183 -35.620918716 2 -16.490752972 -14.9418985153 1.16035239866 17.58808098 59.871066582 
75 11.7947719097 -78.0654678345 -75.6329421997 -38.0729446411 -35.1007843482 3 -16.4907515074 -14.9418971882 1.72317005685 17.58808098 59.871066582 
76 11.9443991184 -79.951171875 -77.5186462402 -39.9586486816 -35.0866219911 1 -16.4907513716 -14.9418970651 1.77535500041 17.58808098 59.871066582 
77 12.1414051056 -78.1009521484 -75.6684265137 -38.1084289551 -36.168801191 2 -16.4907513716 -14.9418970651 1.77535500041 17.58808098 59.871066582 
78 12.2945289612 -76.7426223755 -74.3100967407 -36.7500991821 -35.518637766 3 -16.9082671882 -14.206242244 1.58740371416 17.588074637 59.871071911 
79 12.4466838837 -79.9383926392 -77.5058670044 -39.9458694458 -35.516979648 1 -16.9082671882 -14.206242244 1.58740371416 17.588074637 59.871071911 
80 12.6070129871 -81.4004745483 -78.9679489136 -41.407951355 -36.1039075777 2 -16.9082679912 -14.2062429188 1.2864409457 17.588074637 59.871071911 
81 12.790915966 -77.4761123657 -75.043586731 -37.4835891724 -36.6236763566 3 -16.9082679912 -14.2062429188 1.2864409457 17.588074637 59.871071911 
82 12.9456861019 -82.3535461426 -79.9210205078 -42.3610229492 -36.9647178034 1 -16.9082667131 -14.2062418449 1.76542975344 17.588074637 59.871071911 
83 13.0925660133 -77.129989624 -74.6974639893 -37.1374664307 -35.6952407836 2 -16.9082667131 -14.2062418449 1.76542975344 17.588074637 59.871071911 
84 13.2496030331 -76.2279968262 -73.7954711914 -36.2354736328 -35.0582877785 3 -17.1525127638 -13.0657544853 1.33916044835 17.588063742 59.871076646 
85 13.434969902 -81.302230835 -78.8697052002 -41.3097076416 -35.0119527858 1 -17.1525127638 -13.0657544853 1.33916044835 17.588063742 59.871076646 
86 13.585930109 -77.8183364868 -75.3858108521 -37.8258132935 -35.2457598893 2 -17.1525127491 -13.065754474 1.34460899623 17.588063742 59.871076646 
87 13.7437980175 -83.7320861816 -81.2995605469 -43.7395629883 -37.3125062891 3 -17.1525126359 -13.0657543878 1.38643126375 17.588063742 59.871076646 
88 13.898763895 -79.2678527832 -76.8353271484 -39.2753295898 -36.8344143461 1 -17.1525126359 -13.0657543878 1.38643126375 17.588063742 59.871076646 
89 14.0804820061 -86.7210235596 -84.2884979248 -46.7285003662 -38.9524866365 2 -17.1525138033 -13.0657552771 0.955139229245 17.588063742 59.871076646 
90 14.2356259823 -74.2021026611 -71.7695770264 -34.2095794678 -34.0023153731 3 -17.3965658609 -11.8419913818 0.955137488913 17.588052004 59.871081569 
91 14.3895349503 -92.3017425537 -89.8692169189 -52.3092193604 -34.2022635937 1 -17.3965661049 -11.8419915479 0.866243260887 17.588052004 59.871081569 
92 14.5788960457 -74.2530517578 -71.820526123 -34.2605285645 -32.7294910814 2 -17.3965661049 -11.8419915479 0.866243260887 17.588052004 59.871081569 
93 14.7175500393 -76.5822143555 -74.1496887207 -36.5896911621 -33.6211884583 3 -17.3965652716 -11.8419909806 1.16980441399 17.588052004 59.871081569 
94 14.8783700466 -81.7907943726 -79.3582687378 -41.7982711792 -33.571876614 1 -17.396566758 -11.8419919924 0.628371209246 17.588052004 59.871081569 
95 15.0340740681 -73.1737518311 -70.7412261963 -33.1812286377 -32.7369658016 2 -17.396566758 -11.8419919924 0.628371209246 17.588052004 59.871081569 
96 15.1936988831 -92.5049972534 -90.0724716187 -52.5124740601 -33.1402688338 3 -17.3965659611 -11.84199145 0.918647471525 17.588052004 59.871081569 
97 15.3811030388 -91.9326171875 -89.5000915527 -51.9400939941 -33.1805487045 1 -17.7099985224 -10.5366095773 0.918646034477 17.588039623 59.871087285 
98 15.5320699215 -72.7529754639 -70.3204498291 -32.7604522705 -32.7598920965 2 -17.7099963589 -10.5366082902 1.69275608043 17.588039623 59.871087285 
99 15.6953001022 -71.0481643677 -68.6156387329 -31.0556411743 -30.2396208405 3 -17.7099963589 -10.5366082902 1.69275608043 17.588039623 59.871087285 
100 15.8457520008 -80.1996078491 -77.7670822144 -40.2070846558 -30.2177876688 1 -17.7099973239 -10.5366088643 1.34748366298 17.588039623 59.871087285 
101 16.0074520111 -80.349105835 -77.9165802002 -40.3565826416 -30.9944526673 2 -17.7099973239 -10.5366088643 1.34748366298 17.588039623 59.871087285 
102 16.1635770798 -72.6138458252 -70.1813201904 -32.6213226318 -32.497306347 3 -17.7099984654 -10.5366095435 0.939021774317 17.588039623 59.871087285 
103 16.3109049797 -84.6347503662 -82.2022247314 -44.6422271729 -32.5522536119 1 -18.141443437 -9.33335320732 0.939021108228 17.588028586 59.871093801 
104 16.4704270363 -73.2363586426 -70.8038330078 -33.2438354492 -31.4003125173 2 -18.1414431746 -9.33335307232 1.03067881574 17.588028586 59.871093801 
105 16.6326270103 -74.05809021 -71.6255645752 -34.0655670166 -32.1041529434 3 -18.1414431746 -9.33335307232 1.03067881574 17.588028586 59.871093801 
106 16.787555933 -98.3619766235 -95.9294509888 -58.3694534302 -32.1108987321 1 -18.1414431664 -9.3333530681 1.03354710758 17.588028586 59.871093801 
107 16.9408900738 -78.6648635864 -76.2323379517 -38.6723403931 -33.8197371273 2 -18.1414431664 -9.3333530681 1.03354710758 17.588028586 59.871093801 
108 17.0940139294 -74.0692520142 -71.6367263794 -34.0767288208 -33.8297014727 3 -18.1414430985 -9.33335303315 1.05727676709 17.588028586 59.871093801 
109 17.2851829529 -76.0891952515 -73.6566696167 -36.0966720581 -33.1747555651 1 -18.1414431129 -9.33335304058 1.05223124304 17.588028586 59.871093801 
110 17.4357450008 -93.6651687622 -91.2326431274 -53.6726455688 -33.3544990983 2 -18.4653183947 -7.93945572665 1.05223027951 17.588015337 59.87109981 
111 17.5872220993 -70.8159866333 -68.3834609985 -30.8234634399 -30.6399108007 3 -18.4653165426 -7.9394549303 1.68783112993 17.588015337 59.87109981 
112 17.7436380386 -92.8511734009 -90.4186477661 -52.8586502075 -30.8233199184 1 -18.4653165426 -7.9394549303 1.68783112993 17.588015337 59.87109981 
113 17.9294440746 -81.2942199707 -78.8616943359 -41.3016967773 -30.8060261945 2 -18.4653167555 -7.93945502184 1.61476911072 17.588015337 59.87109981 
114 18.0819380283 -75.9453125 -73.5127868652 -35.9527893066 -35.774495374 3 -18.4653167555 -7.93945502184 1.61476911072 17.588015337 59.87109981 
115 18.2367219925 -72.888420105 -70.4558944702 -32.8958969116 -32.3845343134 1 -18.4653197657 -7.93945631612 0.581748058803 17.588015337 59.87109981 
116 18.387196064 -74.7874603271 -72.3549346924 -34.7949371338 -31.7930728335 2 -18.4782284 -6.49771442609 1.12850818371 17.588000785 59.871103207 
117 18.5746269226 -76.9195327759 -74.4870071411 -36.9270095825 -31.911855255 3 -18.4782284 -6.49771442609 1.12850818371 17.588000785 59.871103207 
118 18.72311306 -76.050567627 -73.6180419922 -36.0580444336 -33.3631348518 1 -18.4782282475 -6.49771437245 1.18081991419 17.588000785 59.871103207 
119 18.8777620792 -81.0067901611 -78.5742645264 -41.0142669678 -34.8154312515 2 -18.4782282475 -6.49771437245 1.18081991419 17.588000785 59.871103207 
120 19.044025898 -70.9672088623 -68.5346832275 -30.9746856689 -30.7558053736 3 -18.4782283077 -6.49771439365 1.16014355353 17.588000785 59.871103207 
121 19.1981189251 -87.2520751953 -84.8195495605 -47.259552002 -30.952277531 1 -18.4782283077 -6.49771439365 1.16014355353 17.588000785 59.871103207 
122 19.3559520245 -85.3383255005 -82.9057998657 -45.3458023071 -30.9705869929 2 -18.4516166063 -4.96781230827 1.36175226768 17.587985237 59.871106459 
123 19.5056529045 -70.4745559692 -68.0420303345 -30.4820327759 -30.478765422 3 -18.4516166062 -4.96781230825 1.36177547575 17.587985237 59.871106459 
124 19.6594951153 -81.9084625244 -79.4759368896 -41.9159393311 -30.4685432085 1 -18.4516183734 -4.96781278405 0.754858245602 17.587985237 59.871106459 
125 19.8486909866 -87.2717666626 -84.8392410278 -47.2792434692 -30.4698981569 2 -18.4516183734 -4.96781278405 0.754858245602 17.587985237 59.871106459 
126 20.002696991 -74.0334014893 -71.6008758545 -34.0408782959 -33.9791026821 3 -18.4516162398 -4.9678122096 1.48761069012 17.587985237 59.871106459 
127 20.151665926 -76.6355438232 -74.2030181885 -36.6430206299 -33.4645767255 1 -18.4516162398 -4.9678122096 1.48761069012 17.587985237 59.871106459 
128 20.3166379929 -77.3929443359 -74.9604187012 -37.4004211426 -33.1394514899 2 -18.2865817512 -3.40752137805 1.41957016347 17.587969017 59.871108569 
129 20.497453928 -70.4543457031 -68.0218200684 -30.4618225098 -30.2568401868 3 -18.2865811391 -3.40752126398 1.63169564459 17.587969017 59.871108569 
130 20.6536130905 -91.9836273193 -89.5511016846 -51.991104126 -30.3745648286 1 -18.2865811391 -3.40752126398 1.63169564459 17.587969017 59.871108569 
131 20.8025660515 -92.5935287476 -90.1610031128 -52.6010055542 -30.4616340635 2 -18.2865819696 -3.40752141873 1.34390664972 17.587969017 59.871108569 
132 20.9655640125 -68.745552063 -66.3130264282 -28.7530288696 -28.7529430791 3 -18.2865819696 -3.40752141873 1.34390664972 17.587969017 59.871108569 
133 21.1476290226 -78.1772537231 -75.7447280884 -38.1847305298 -28.7249634022 1 -18.2865819769 -3.40752142009 1.34137999024 17.587969017 59.871108569 
134 21.3062419891 -76.4547729492 -74.0222473145 -36.4622497559 -28.6642954977 2 -18.1684664524 -1.92605229486 1.02497776932 17.587953718 59.87111091 
135 21.4897170067 -71.1161193848 -68.68359375 -31.1235961914 -30.8692522614 3 -18.1684664524 -1.92605229486 1.02497776932 17.587953718 59.87111091 
136 21.6461389065 -86.728805542 -84.2962799072 -46.7362823486 -30.9438195774 1 -18.1684658297 -1.92605222885 1.24216660385 17.587953718 59.87111091 
137 21.8354609013 -79.1796798706 -76.7471542358 -39.1871566772 -31.0696624304 2 -18.1684658297 -1.92605222885 1.24216660385 17.587953718 59.87111091 
138 21.9845950603 -73.6174087524 -71.1848831177 -33.6248855591 -33.4586243552 3 -18.1684654692 -1.92605219063 1.36790981274 17.587953718 59.87111091 
139 22.1421480179 -73.5818252563 -71.1492996216 -33.589302063 -32.0203038635 1 -18.1684654692 -1.92605219063 1.36790981274 17.587953718 59.87111091 
140 22.2946650982 -85.0640335083 -82.6315078735 -45.0715103149 -32.0963466887 2 -18.0873616095 -0.405887831041 1.08044593928 17.587938125 59.871113663 
141 22.480410099 -71.5274581909 -69.0949325562 -31.5349349976 -30.8195088153 3 -18.0873609004 -0.405887815129 1.3288731258 17.587938125 59.871113663 
142 22.6325619221 -86.7358932495 -84.3033676147 -46.7433700562 -31.5287109068 1 -18.0873609004 -0.405887815129 1.3288731258 17.587938125 59.871113663 
143 22.7928218842 -83.4691314697 -81.036605835 -43.4766082764 -31.5241091631 2 -18.0873616095 -0.405887831041 1.08044593928 17.587938125 59.871113663 
144 22.9435060024 -67.4153366089 -64.9828109741 -27.4228134155 -27.421180526 3 -18.0873616095 -0.405887831041 1.08044593928 17.587938125 59.871113663 
145 23.1340579987 -86.0824661255 -83.6499404907 -46.0899429321 -27.4210763593 1 -18.0873624902 -0.405887850805 0.771894059447 17.587938125 59.871113663 
146 23.284432888 -73.0955734253 -70.6630477905 -33.1030502319 -27.2692266233 2 -18.0395532126 1.28139149664 0.771894040319 17.587920929 59.871117088 
147 23.4377720356 -69.9056777954 -67.4731521606 -29.9131546021 -29.4623285499 3 -18.0395516702 1.28139138707 1.31372625191 17.587920929 59.871117088 
148 23.6018509865 -73.3326721191 -70.9001464844 -33.3401489258 -29.1266209213 1 -18.0395516702 1.28139138707 1.31372625191 17.587920929 59.871117088 
149 23.7652080059 -79.0859069824 -76.6533813477 -39.0933837891 -29.4796918536 2 -18.0395524301 1.28139144106 1.04676172325 17.587920929 59.871117088 
150 23.9121909142 -74.1294708252 -71.6969451904 -34.1369476318 -32.1082213076 3 -18.0395524301 1.28139144106 1.04676172325 17.587920929 59.871117088 
151 24.0670030117 -75.1840438843 -72.7515182495 -35.1915206909 -32.9626860748 1 -18.0395519376 1.28139140607 1.21976725142 17.587920929 59.871117088 
152 24.2252619267 -88.7318725586 -86.2993469238 -48.7393493652 -33.0940707365 2 -18.0395519376 1.28139140607 1.21976725142 17.587920929 59.871117088 
153 24.4108951092 -67.5428237915 -65.1102981567 -27.5503005981 -27.4867691881 3 -17.8145061661 2.94665045137 1.07571427342 17.587903489 59.871118912 
154 24.5598340034 -83.9509353638 -81.518409729 -43.9584121704 -27.5490400213 1 -17.8145059523 2.94665041601 1.15175485249 17.587903489 59.871118912 
155 24.7126400471 -80.4068603516 -77.9743347168 -40.4143371582 -27.5433693806 2 -17.8145059523 2.94665041601 1.15175485249 17.587903489 59.871118912 
156 24.8694219589 -65.4800872803 -63.0475578308 -25.4875640869 -25.4848806761 3 -17.8145055475 2.94665034904 1.29576814775 17.587903489 59.871118912 
157 25.0572910309 -73.3820114136 -70.9494857788 -33.3894882202 -25.4290487285 1 -17.8145055475 2.94665034904 1.29576814775 17.587903489 59.871118912 
158 25.202682972 -86.0670852661 -83.6345596313 -46.0745620728 -25.4310746007 2 -17.8145054658 2.94665033554 1.32480731521 17.587903489 59.871118912 
159 25.3632760048 -67.8126525879 -65.3801269531 -27.8201293945 -27.658729973 3 -17.3508439642 4.61582084344 1.32480702427 17.587885381 59.871118657 
160 25.5235528946 -79.3718338013 -76.9393081665 -39.3793106079 -27.8090818648 1 -17.350845025 4.61582112567 0.937350724102 17.587885381 59.871118657 
161 25.7070670128 -80.7351760864 -78.3026504517 -40.7426528931 -27.8039466878 2 -17.350845025 4.61582112567 0.937350724102 17.587885381 59.871118657 
162 25.8555369377 -80.0922698975 -77.6597442627 -40.0997467041 -37.6170546744 3 -17.3508438779 4.6158208205 1.35629871937 17.587885381 59.871118657 
163 26.0086009502 -70.0269088745 -67.5943832397 -30.0343856812 -29.997951059 1 -17.3508438779 4.6158208205 1.35629871937 17.587885381 59.871118657 
164 26.1624190807 -75.2928085327 -72.8602828979 -35.3002853394 -29.8310212264 2 -17.350843978 4.61582084714 1.31973215124 17.587885381 59.871118657 
165 26.3507010937 -91.4010772705 -88.9685516357 -51.4085540771 -29.8501876446 3 -16.7844650326 6.19182860426 1.18639737611 17.587867945 59.871117291 
166 26.5139861107 -70.4363479614 -68.0038223267 -30.4438247681 -30.2232872752 1 -16.7844650326 6.19182860426 1.18639737611 17.587867945 59.871117291 
167 26.67614007 -74.0489349365 -71.6164093018 -34.0564117432 -30.0669863031 2 -16.7844648382 6.19182853252 1.25982019509 17.587867945 59.871117291 
168 26.826832056 -93.6656265259 -91.2331008911 -53.6731033325 -30.0670621129 3 -16.7844648382 6.19182853252 1.25982019509 17.587867945 59.871117291 
169 27.0159840584 -70.5314865112 -68.0989608765 -30.5389633179 -30.1467643894 1 -16.7844654201 6.19182874721 1.04010514801 17.587867945 59.871117291 
170 27.1608800888 -96.0997314453 -93.6672058105 -56.107208252 -30.5388953265 2 -16.7844654201 6.19182874721 1.04010514801 17.587867945 59.871117291 
171 27.3197529316 -75.6821594238 -73.2496337891 -35.6896362305 -30.3452582123 3 -16.2779182724 7.5577505747 1.06118627546 17.587852792 59.87111597 
172 27.5119249821 -85.1989135742 -82.7663879395 -45.2063903809 -35.6625002259 1 -16.2779175865 7.55775025624 1.32820222614 17.587852792 59.87111597 
173 27.6687259674 -69.6168212891 -67.1842956543 -29.6242980957 -29.4936952151 2 -16.2779175865 7.55775025624 1.32820222614 17.587852792 59.87111597 
174 27.8267838955 -71.9184646606 -69.4859390259 -31.9259414673 -28.977074222 3 -16.2779170956 7.55775002833 1.51928969905 17.587852792 59.87111597 
175 27.9809570312 -75.254524231 -72.8219985962 -35.2620010376 -28.8612871217 1 -16.2779170956 7.55775002833 1.51928969905 17.587852792 59.87111597 
176 28.131305933 -74.579246521 -72.1467208862 -34.5867233276 -31.0327365105 2 -16.2779171426 7.55775005017 1.50098362772 17.587852792 59.87111597 
177 28.3173339367 -74.3437042236 -71.9111785889 -34.3511810303 -32.3145543903 3 -15.7521172428 9.01957979534 1.50098421011 17.587836618 59.871114699 
178 28.4487380981 -72.3782424927 -69.9457168579 -32.3857192993 -31.1490449351 1 -15.7521167153 9.01957949333 1.71316431412 17.587836618 59.871114699 
179 28.6112730503 -85.6392288208 -83.206703186 -45.6467056274 -31.6446851614 2 -15.7521167153 9.01957949333 1.71316431412 17.587836618 59.871114699 
180 28.7694349289 -73.4705123901 -71.0379867554 -33.4779891968 -31.3557266008 3 -15.7521184396 9.01958048064 1.01951720885 17.587836618 59.871114699 
181 28.9608230591 -74.0666046143 -71.6340789795 -34.0740814209 -32.2459550036 1 -15.7521173008 9.01957982857 1.47763646919 17.587836618 59.871114699 
182 29.1070890427 -77.5613937378 -75.128868103 -37.5688705444 -32.0706213209 2 -15.7521173008 9.01957982857 1.47763646919 17.587836618 59.871114699 
183 29.2638299465 -80.5150146484 -78.0824890137 -40.5224914551 -33.5872233293 3 -15.2388253743 10.4333659958 0.967466091118 17.587820963 59.871113428 
184 29.4175879955 -73.3784866333 -70.9459609985 -33.3859634399 -33.0209094 1 -15.2388253743 10.4333659958 0.967466091118 17.587820963 59.871113428 
185 29.6051309109 -74.888923645 -72.4563980103 -34.8964004517 -32.4537686834 2 -15.2388250157 10.4333657503 1.11660044152 17.587820963 59.871113428 
186 29.7557449341 -67.5357818604 -65.1032562256 -27.543258667 -27.3329986065 3 -15.2388250157 10.4333657503 1.11660044152 17.587820963 59.871113428 
187 29.9202480316 -69.9740142822 -67.5414886475 -29.9814910889 -26.8768618851 1 -15.2388245181 10.4333654096 1.32350376664 17.587820963 59.871113428 
188 30.0584769249 -74.1809158325 -71.7483901978 -34.1883926392 -26.8561233714 2 -15.2388245181 10.4333654096 1.32350376664 17.587820963 59.871113428 
189 30.2505049706 -67.4263458252 -64.9938201904 -27.4338226318 -26.7758319816 3 -14.4605984426 12.0017689204 1.17178734607 17.587803046 59.871110191 
190 30.4022641182 -80.8375701904 -78.4050445557 -40.8450469971 -27.3348090708 1 -14.4605984426 12.0017689204 1.17178734607 17.587803046 59.871110191 
191 30.5523619652 -75.3419723511 -72.9094467163 -35.3494491577 -27.3734502576 2 -14.4605986694 12.0017691086 1.07240911455 17.587803046 59.871110191 
192 30.708368063 -68.048789978 -65.6162643433 -28.0562667847 -27.9762190679 3 -14.4605986694 12.0017691086 1.07240911455 17.587803046 59.871110191 
193 30.8641169071 -77.6736831665 -75.2411575317 -37.6811599731 -27.957221376 1 -14.4605977971 12.0017683847 1.45463154113 17.587803046 59.871110191 
194 31.0012090206 -75.4668426514 -73.0343170166 -35.474319458 -27.9612577369 2 -14.4605982448 12.0017687563 1.25846125199 17.587803046 59.871110191 
195 31.1530549526 -70.3434829712 -67.9109573364 -30.3509597778 -30.0881205983 3 -14.4605982448 12.0017687563 1.25846125199 17.587803046 59.871110191 
196 31.3138029575 -73.7537765503 -71.3212509155 -33.7612533569 -29.777206192 1 -13.6860246618 13.4841396932 1.37386090643 17.587786009 59.87110679 
197 31.5003299713 -72.3018035889 -69.8692779541 -32.3092803955 -29.3117598997 2 -13.6860246618 13.4841396932 1.37386090643 17.587786009 59.87110679 
198 31.6509199142 -72.185760498 -69.7532348633 -32.1932373047 -30.2619064912 3 -13.6860252496 13.4841402724 1.10169406384 17.587786009 59.87110679 
199 31.8029611111 -75.9129104614 -73.4803848267 -35.9203872681 -30.5537138479 1 -13.6860252496 13.4841402724 1.10169406384 17.587786009 59.87110679 
200 31.9654240608 -69.716217041 -67.2836914062 -29.7236938477 -29.0269340502 2 -13.686025012 13.4841400383 1.21170852034 17.587786009 59.87110679 
201 32.1393709183 -70.4805831909 -68.0480575562 -30.4880599976 -28.4950089606 3 -13.686025012 13.4841400383 1.21170852034 17.587786009 59.87110679 
202 32.2726640701 -79.2298126221 -76.7972869873 -39.2372894287 -28.5513753946 1 -12.9270014441 14.7847318772 1.22747070618 17.587770852 59.871103111 
203 32.4261980057 -70.1332244873 -67.7006988525 -30.1407012939 -28.7845919994 2 -12.9270014441 14.7847318772 1.22747070618 17.587770852 59.871103111 
204 32.5814130306 -68.3736495972 -65.9411239624 -28.3811264038 -27.5721010594 3 -12.9270007068 14.784731034 1.58886949014 17.587770852 59.871103111 
205 32.7713119984 -77.2194671631 -74.7869415283 -37.2269439697 -27.5567854038 1 -12.9270007068 14.784731034 1.58886949014 17.587770852 59.871103111 
206 32.9238290787 -72.0257110596 -69.5931854248 -32.0331878662 -27.9797130704 2 -12.9270017753 14.784732256 1.06510309416 17.587770852 59.871103111 
207 33.0716590881 -67.657043457 -65.2245178223 -27.6645202637 -27.3686462707 3 -12.9270021808 14.7847327198 0.866333928382 17.587770852 59.871103111 
208 33.2278149128 -76.2892074585 -73.8566818237 -36.2966842651 -27.3562853753 1 -12.0047201733 16.1966264776 0.866335565107 17.587754139 59.871098257 
209 33.4106199741 -73.3473587036 -70.9148330688 -33.3548355103 -27.4743182781 2 -12.0047204757 16.1966268856 0.706707007853 17.587754139 59.871098257 
210 33.5456120968 -66.7756958008 -64.343170166 -26.7831726074 -26.654589827 3 -12.0047204757 16.1966268856 0.706707007853 17.587754139 59.871098257 
211 33.6998679638 -77.3616027832 -74.9290771484 -37.3690795898 -26.6645921486 1 -12.0047203913 16.1966267718 0.751231950619 17.587754139 59.871098257 
212 33.8569428921 -76.4775848389 -74.0450592041 -36.4850616455 -26.7420742797 2 -12.0047203913 16.1966267718 0.751231950619 17.587754139 59.871098257 
213 34.0413429737 -69.2782669067 -66.845741272 -29.2857437134 -29.1582060374 3 -12.0047194241 16.1966254668 1.26178537328 17.587754139 59.871098257 
214 34.1945669651 -77.8858642578 -75.453338623 -37.8933410645 -29.1688490658 1 -12.0047194241 16.1966254668 1.26178537328 17.587754139 59.871098257 
215 34.3516581059 -78.4916152954 -76.0590896606 -38.4990921021 -29.2144983538 2 -11.1842146563 17.4467156169 1.23029994658 17.587739331 59.871093925 
216 34.4999480247 -66.9064178467 -64.4738922119 -26.9138946533 -26.8897337894 3 -11.1842145962 17.446715523 1.26437426325 17.587739331 59.871093925 
217 34.6883809566 -79.0919952393 -76.6594696045 -39.0994720459 -26.8955710899 1 -11.1842145962 17.446715523 1.26437426325 17.587739331 59.871093925 
218 34.8418459892 -81.0097198486 -78.5771942139 -41.0171966553 -26.9027051903 2 -11.1842146237 17.4467155659 1.2488154583 17.587739331 59.871093925 
219 34.9951200485 -74.9981307983 -72.5656051636 -35.005607605 -34.5835408345 3 -11.1842146237 17.4467155659 1.2488154583 17.587739331 59.871093925 
220 35.1584229469 -69.5140762329 -67.0815505981 -29.5215530396 -29.3443239073 1 -11.1842151135 17.44671633 0.971271888607 17.587739331 59.871093925 
221 35.3382639885 -83.2622375488 -80.8297119141 -43.2697143555 -29.3508220827 2 -10.3292990789 18.5774393362 0.971273652828 17.58772564 59.87108902 
222 35.4987030029 -73.1265640259 -70.6940383911 -33.1340408325 -29.1415690913 3 -10.3292985369 18.5774383615 1.30376065974 17.58772564 59.87108902 
223 35.6496961117 -75.9729385376 -73.5404129028 -35.9804153442 -32.5996922647 1 -10.3292985369 18.5774383615 1.30376065974 17.58772564 59.87108902 
224 35.8079938889 -75.4563217163 -73.0237960815 -35.4637985229 -32.09772646 2 -10.3292989293 18.5774390672 1.06304214534 17.58772564 59.87108902 
225 35.9917390347 -67.8768005371 -65.4442749023 -27.8842773438 -27.7690100298 3 -10.3292994542 18.5774400113 0.740995857232 17.58772564 59.87108902 
226 36.1477210522 -86.5161514282 -84.0836257935 -46.5236282349 -27.8186732785 1 -10.3292994542 18.5774400113 0.740992491174 17.58772564 59.87108902 
227 36.3000619411 -70.6236724854 -68.1911468506 -30.631149292 -27.344106114 2 -9.3597716689 19.5935173145 1.22264056107 17.587712807 59.871082851 
228 36.4552249908 -68.4425506592 -66.0100250244 -28.4500274658 -27.7719933777 3 -9.3597716689 19.5935173145 1.22264056107 17.587712807 59.871082851 
229 36.6361649036 -78.2686767578 -75.836151123 -38.2761535645 -27.7552285145 1 -9.35977170341 19.5935173868 1.19927821013 17.587712807 59.871082851 
230 36.7934780121 -72.476600647 -70.0440750122 -32.4840774536 -28.1149390172 2 -9.35977170341 19.5935173868 1.19927821013 17.587712807 59.871082851 
231 36.9507501125 -71.0680847168 -68.635559082 -31.0755615234 -30.1112595716 3 -9.35977240329 19.5935188519 0.725443403044 17.587712807 59.871082851 
232 37.0975921154 -73.9226760864 -71.4901504517 -33.9301528931 -29.8096734421 1 -9.35977240329 19.5935188519 0.725443403044 17.587712807 59.871082851 
233 37.2889649868 -78.3016662598 -75.869140625 -38.3091430664 -30.4986147643 2 -8.31321730464 20.6276015809 0.324857111656 17.587699589 59.871076049 
234 37.4428739548 -74.1692657471 -71.7367401123 -34.1767425537 -32.3972139085 3 -8.31321730464 20.6276015809 0.324857111656 17.587699589 59.871076049 
235 37.6001079082 -74.2675704956 -71.8350448608 -34.2750473022 -32.5606337626 1 -8.31321701614 20.6276008651 0.544768807322 17.587699589 59.871076049 
236 37.7459878922 -71.339302063 -68.9067764282 -31.3467788696 -30.4215152448 2 -8.31321650427 20.627599595 0.934941580448 17.587699589 59.871076049 
237 37.9105260372 -77.8454589844 -75.4129333496 -37.852935791 -30.7610827148 3 -8.31321650426 20.6275995949 0.934951136327 17.587699589 59.871076049 
238 38.1031610966 -78.8800506592 -76.4475250244 -38.8875274658 -31.177626868 1 -8.31321670002 20.6276000807 0.785728185356 17.587699589 59.871076049 
239 38.2564868927 -76.4438171387 -74.0112915039 -36.4512939453 -35.1153619861 2 -7.3191988971 21.5186899902 0.78572992296 17.587687956 59.871069381 
240 38.4117939472 -75.2937240601 -72.8611984253 -35.3012008667 -34.0484079125 3 -7.31919910263 21.5186905944 0.607783321722 17.587687956 59.871069381 
241 38.566133976 -79.8218002319 -77.3892745972 -39.8292770386 -34.1322952771 1 -7.31919910263 21.5186905944 0.607783321722 17.587687956 59.871069381 
242 38.755589962 -77.1063308716 -74.6738052368 -37.1138076782 -34.3379954005 2 -7.31919879118 21.5186896787 0.877437613414 17.587687956 59.871069381 
243 38.9035379887 -76.2920837402 -73.8595581055 -36.2995605469 -34.924016576 3 -7.31919867314 21.5186893317 0.979630864333 17.587687956 59.871069381 
244 39.0555450916 -74.25831604 -71.8257904053 -34.2657928467 -33.1634689921 1 -7.31919867314 21.5186893317 0.979630864333 17.587687956 59.871069381 
245 39.2113881111 -70.4603805542 -68.0278549194 -30.4678573608 -29.9970295299 2 -7.31919889072 21.5186899714 0.791255406832 17.587687956 59.871069381 
246 39.3654260635 -90.8437957764 -88.4112701416 -50.851272583 -30.1194628752 3 -6.36113800862 22.3871145905 0.791257380642 17.587676647 59.871062976 
247 39.5195379257 -73.4937057495 -71.0611801147 -33.5011825562 -29.9877469502 1 -6.36113764856 22.3871133233 1.14994870844 17.587676647 59.871062976 
248 39.6700251102 -72.2103729248 -69.77784729 -32.2178497314 -31.2606467114 2 -6.36113764856 22.3871133233 1.14994870844 17.587676647 59.871062976 
249 39.8254129887 -76.7595367432 -74.3270111084 -36.7670135498 -31.0953794651 3 -6.36113798231 22.3871144979 0.817468147726 17.587676647 59.871062976 
250 40.011038065 -73.7992401123 -71.3667144775 -33.8067169189 -31.1916051999 1 -6.36113798231 22.3871144979 0.817468147726 17.587676647 59.871062976 
251 40.1631000042 -80.3948822021 -77.9623565674 -40.4023590088 -33.2306906797 2 -6.3611379691 22.3871144514 0.830629189179 17.587676647 59.871062976 
252 40.320141077 -69.1552047729 -66.7226791382 -29.1626815796 -28.909887454 3 -5.31874465923 23.1523353498 0.830630978251 17.58766616 59.871055598 
253 40.4734179974 -87.1612014771 -84.7286758423 -47.1686782837 -29.1499060171 1 -5.31874432296 23.152333886 1.23126921941 17.58766616 59.871055598 
254 40.6580588818 -77.7723922729 -75.3398666382 -37.7798690796 -29.1214806409 2 -5.31874432296 23.152333886 1.23126921941 17.58766616 59.871055598 
255 40.8190100193 -69.9026184082 -67.4700927734 -29.9100952148 -29.8521906078 3 -5.31874467246 23.1523354074 0.814876727784 17.58766616 59.871055598 
256 40.9628930092 -83.2127990723 -80.7802734375 -43.2202758789 -29.8483372425 1 -5.31874454043 23.1523348327 0.972173477823 17.58766616 59.871055598 
257 41.1155109406 -76.8541183472 -74.4215927124 -36.8615951538 -29.8189080578 2 -5.31874454043 23.1523348327 0.972173477823 17.58766616 59.871055598 
258 41.3027620316 -78.6792526245 -76.2467269897 -38.6867294312 -36.0029902053 3 -4.22684632069 23.7126141923 0.924965363977 17.587657616 59.87104732 
259 41.4553239346 -74.4635009766 -72.0309753418 -34.4709777832 -33.6254514721 1 -4.22684632069 23.7126141923 0.924965363977 17.587657616 59.87104732 
260 41.6063389778 -79.9264602661 -77.4939346313 -39.9339370728 -34.0315409051 2 -4.22684616694 23.7126133298 1.15546134675 17.587657616 59.87104732 
261 41.7659490108 -77.8190841675 -75.3865585327 -37.8265609741 -33.9112281811 3 -4.22684616694 23.7126133298 1.15546134675 17.587657616 59.87104732 
262 41.9563190937 -78.5816955566 -76.1491699219 -38.5891723633 -36.2333791423 1 -4.22684625069 23.7126137997 1.02989696759 17.587657616 59.87104732 
263 42.0948450565 -79.2588729858 -76.8263473511 -39.2663497925 -36.0956522646 2 -4.22684625069 23.7126137997 1.02989696759 17.587657616 59.87104732 
264 42.2482759953 -70.5967254639 -68.1641998291 -30.6042022705 -30.5110943331 3 -3.082078818 24.3477934089 0.927914370256 17.587648175 59.87103875 
265 42.4032759666 -86.4438018799 -84.0112762451 -46.4512786865 -30.562918004 1 -3.08207878104 24.3477931169 1.00390411613 17.587648175 59.87103875 
266 42.5852799416 -80.6764831543 -78.2439575195 -40.6839599609 -30.5819153435 2 -3.08207878104 24.3477931169 1.00390411613 17.587648175 59.87103875 
267 42.742816925 -69.3880004883 -66.9554748535 -29.3954772949 -29.3826759667 3 -3.08207897591 24.3477946563 0.603241650587 17.587648175 59.87103875 
268 42.8979170322 -74.9751281738 -72.5426025391 -34.9826049805 -29.2246753571 1 -3.08207897591 24.3477946563 0.603241650587 17.587648175 59.87103875 
269 43.0563299656 -76.5740432739 -74.1415176392 -36.5815200806 -29.1632927814 2 -3.08207886896 24.3477938114 0.823151993213 17.587648175 59.87103875 
270 43.2380390167 -79.4665145874 -77.0339889526 -39.473991394 -33.9548750923 3 -3.08207886896 24.3477938114 0.823144515724 17.587648175 59.87103875 
271 43.3958179951 -71.8204040527 -69.387878418 -31.8278808594 -31.5403510764 1 -1.95714977371 24.7588168745 1.31559548819 17.587641054 59.871029843 
272 43.5539989471 -81.2187347412 -78.7862091064 -41.2262115479 -31.7369638195 2 -1.95714977371 24.7588168745 1.31559548819 17.587641054 59.871029843 
273 43.7023539543 -75.072479248 -72.6399536133 -35.0799560547 -31.3662939804 3 -1.95714994276 24.758819013 0.768253024919 17.587641054 59.871029843 
274 43.8892929554 -76.0088043213 -73.5762786865 -36.0162811279 -33.9166027052 1 -1.95714994276 24.758819013 0.768253024919 17.587641054 59.871029843 
275 44.0417230129 -81.2751159668 -78.842590332 -41.2825927734 -33.9185248187 2 -1.95714996698 24.7588193194 0.689836710609 17.587641054 59.871029843 
276 44.195276022 -75.0276489258 -72.595123291 -35.0351257324 -33.8921532157 3 -1.95714993383 24.7588189 0.79718549186 17.587641054 59.871029843 
277 44.3482599258 -79.2033920288 -76.770866394 -39.2108688354 -34.6347590779 1 -0.883961729 25.0417681851 0.797186362639 17.587635365 59.871021097 
278 44.5359039307 -81.9605789185 -79.5280532837 -41.9680557251 -34.6624565038 2 -0.883961708899 25.0417676156 0.941281210298 17.587635365 59.871021097 
279 44.6918580532 -72.0487747192 -69.6162490845 -32.0562515259 -31.9555039157 3 -0.883961708899 25.0417676156 0.941281210298 17.587635365 59.871021097 
280 44.8417730331 -86.0080566406 -83.5755310059 -46.0155334473 -32.0302858582 1 -0.883961682966 25.041766881 1.12718769651 17.587635365 59.871021097 
281 45.0021159649 -83.9988250732 -81.5662994385 -44.0063018799 -32.0439338881 2 -0.883961682966 25.041766881 1.12718769651 17.587635365 59.871021097 
282 45.1871340275 -72.237197876 -69.8046722412 -32.2446746826 -32.2312439211 3 -0.883961700848 25.0417673875 0.99900037336 17.587635365 59.871021097 
283 45.3449931145 -80.1420669556 -77.7095413208 -40.1495437622 -32.1790412182 1 0.221695977785 25.407299019 1.11691275137 17.587628755 59.871012255 
284 45.4959568977 -84.6430892944 -82.2105636597 -44.6505661011 -32.1814456786 2 0.221695977785 25.407299019 1.11691275137 17.587628755 59.871012255 
285 45.654722929 -74.8328170776 -72.4002914429 -34.8402938843 -34.6379958875 3 0.221695983467 25.4072996701 0.954513685626 17.587628755 59.871012255 
286 45.8464899063 -76.6505661011 -74.2180404663 -36.6580429077 -34.0426452259 1 0.221695983467 25.4072996701 0.954513685626 17.587628755 59.871012255 
287 45.9937579632 -91.1396865845 -88.7071609497 -51.1471633911 -34.0582899195 2 0.221695989054 25.4073003105 0.794806091688 17.587628755 59.871012255 
288 46.1480939388 -75.5827865601 -73.1502609253 -35.5902633667 -34.5529790757 3 0.221695989054 25.4073003105 0.794806091688 17.587628755 59.871012255 
289 46.3088788986 -84.292388916 -81.8598632812 -44.2998657227 -35.5496257963 1 1.25923445622 25.5994025409 0.341849641166 17.587624079 59.871003614 
290 46.4912240505 -77.2995910645 -74.8670654297 -37.3070678711 -34.7511945625 2 1.25923445622 25.5994025409 0.341849641166 17.587624079 59.871003614 
291 46.6455299854 -71.0708999634 -68.6383743286 -31.07837677 -30.9537801156 3 1.25923437972 25.5994009856 0.726835931996 17.587624079 59.871003614 
292 46.79804492 -75.1364822388 -72.703956604 -35.1439590454 -30.663439961 1 1.25923437972 25.5994009856 0.726835931996 17.587624079 59.871003614 
293 46.9530799389 -73.9058380127 -71.4733123779 -33.9133148193 -30.3096055314 2 1.25923434744 25.5994003294 0.889267547145 17.587624079 59.871003614 
294 47.1395800114 -73.4557800293 -71.0232543945 -33.4632568359 -31.6793262776 3 1.25923437659 25.599400922 0.742585879902 17.587624079 59.871003614 
295 47.2951219082 -75.570526123 -73.1380004883 -35.5780029297 -31.7606147452 1 2.27746777186 25.5742262577 0.742586061959 17.587621652 59.870994647 
296 47.4572820663 -79.497177124 -77.0646514893 -39.5046539307 -32.6721674021 2 2.27746741786 25.5742222826 1.72754814957 17.587621652 59.870994647 
297 47.6066429615 -71.8716812134 -69.4391555786 -31.87915802 -31.4617991553 3 2.27746741786 25.5742222826 1.72754814957 17.587621652 59.870994647 
298 47.797976017 -85.1326446533 -82.7001190186 -45.14012146 -31.8106028739 1 2.27746767673 25.5742251895 1.00725341104 17.587621652 59.870994647 
299 47.9436109066 -83.257522583 -80.8249969482 -43.2649993896 -31.8629115119 2 2.27746767673 25.5742251895 1.00725341104 17.587621652 59.870994647 
300 48.1006939411 -76.2685317993 -73.8360061646 -36.276008606 -36.1558689301 3 2.2774676795 25.5742252206 0.999548344149 17.587621652 59.870994647 
301 48.2563860416 -79.5196151733 -77.0870895386 -39.52709198 -35.7676623557 1 3.22973873255 25.4739023599 0.811040469618 17.587620159 59.870986086 
302 48.4164600372 -85.9408569336 -83.5083312988 -45.9483337402 -35.8169895144 2 3.22973873255 25.4739023599 0.811040469618 17.587620159 59.870986086 
303 48.5503959656 -76.6734085083 -74.2408828735 -36.6808853149 -36.1386751907 3 3.22973873255 25.4739023599 0.811040469618 17.587620159 59.870986086 
304 48.7085750103 -84.1649856567 -81.732460022 -44.1724624634 -36.5837293287 1 3.22973843352 25.4739000014 1.39774176737 17.587620159 59.870986086 
305 48.8597750664 -82.6599884033 -80.2274627686 -42.66746521 -36.4833535817 2 3.2297387486 25.4739024866 0.779542300245 17.587620159 59.870986086 
306 49.04596591 -74.1279296875 -71.6954040527 -34.1354064941 -34.0722936942 3 3.2297387486 25.4739024866 0.779542300245 17.587620159 59.870986086 
307 49.204210043 -82.4624404907 -80.029914856 -42.4699172974 -34.0477505409 1 3.2297384255 25.4738999382 1.41347175072 17.587620159 59.870986086 
308 49.3535249233 -83.6854553223 -81.2529296875 -43.6929321289 -34.0632389952 2 4.04289714336 25.1263054129 1.41347082903 17.587621534 59.870978179 
309 49.5169761181 -73.5077362061 -71.0752105713 -33.5152130127 -33.4607524336 3 4.04289747255 25.1263074588 0.897505378994 17.587621534 59.870978179 
310 49.6902170181 -83.6160964966 -81.1835708618 -43.6235733032 -33.4749230811 1 4.04289747255 25.1263074588 0.897505378994 17.587621534 59.870978179 
311 49.8492190838 -81.3512649536 -78.9187393188 -41.3587417603 -33.4373478194 2 4.04289712817 25.1263053185 1.43728302985 17.587621534 59.870978179 
312 49.9974899292 -76.5328979492 -74.1003723145 -36.5403747559 -36.242484702 3 4.04289712817 25.1263053185 1.43728302985 17.587621534 59.870978179 
313 50.1610820293 -76.5738830566 -74.1413574219 -36.5813598633 -34.9396153143 1 4.04289730708 25.1263064304 1.15686078469 17.587621534 59.870978179 
314 50.3202490807 -82.1008377075 -79.6683120728 -42.1083145142 -34.9728432886 2 4.78942230272 24.4621627355 1.15685870609 17.587626287 59.870970134 
315 50.4789841175 -80.4906005859 -78.0580749512 -40.4980773926 -36.1087616832 3 4.78942221148 24.4621622695 1.277564423 17.587626287 59.870970134 
316 50.6300840378 -77.7585906982 -75.3260650635 -37.7660675049 -37.0052960862 1 4.78942204523 24.4621614204 1.49753282849 17.587626287 59.870970134 
317 50.7871439457 -80.8642501831 -78.4317245483 -40.8717269897 -36.8519380909 2 4.78942204523 24.4621614204 1.49753282849 17.587626287 59.870970134 
318 50.9663178921 -80.0016937256 -77.5691680908 -40.0091705322 -36.7519903975 3 4.78942222535 24.4621623404 1.25921312742 17.587626287 59.870970134 
319 51.117839098 -79.8158569336 -77.3833312988 -39.8233337402 -37.8034180611 1 4.78942222535 24.4621623404 1.25921312742 17.587626287 59.870970134 
320 51.2719180584 -81.6675643921 -79.2350387573 -41.6750411987 -37.9733391232 2 4.96750037206 23.8467604991 0.858421749244 17.587632044 59.870967174 
321 51.42852211 -78.0758285522 -75.6433029175 -38.0833053589 -37.0090700234 3 4.96750037206 23.8467604991 0.858421749244 17.587632044 59.870967174 
322 51.6171159744 -83.1086273193 -80.6761016846 -43.116104126 -37.5307380403 1 4.96750038845 23.8467605777 0.8375264238 17.587632044 59.870967174 
323 51.7701189518 -76.4786987305 -74.0461730957 -36.4861755371 -35.5677327415 2 4.96750018308 23.8467595918 1.09950474692 17.587632044 59.870967174 
324 51.9231610298 -73.3108596802 -70.8783340454 -33.3183364868 -32.8451407131 3 4.96750018308 23.8467595918 1.09950474692 17.587632044 59.870967174 
325 52.0751199722 -83.8763427734 -81.4438171387 -43.8838195801 -32.8508563812 1 4.96750030012 23.8467601537 0.950194731173 17.587632044 59.870967174 
326 52.2658979893 -76.9047927856 -74.4722671509 -36.9122695923 -32.9246272614 2 4.96750030012 23.8467601537 0.950194731173 17.587632044 59.870967174 
327 52.4173719883 -72.2523651123 -69.8198394775 -32.2598419189 -32.0096991671 3 5.02260147128 23.6461949871 0.63067765273 17.587633928 59.870966235 
328 52.5638689995 -81.42237854 -78.9898529053 -41.4298553467 -31.9905831883 1 5.02260147128 23.6461949871 0.63067765273 17.587633928 59.870966235 
329 52.7245469093 -78.9115219116 -76.4789962769 -38.9189987183 -32.1307900705 2 5.02260128441 23.6461941073 0.866437425641 17.587633928 59.870966235 
330 52.9120750427 -77.3656387329 -74.9331130981 -37.3731155396 -36.2921409055 3 5.02260128441 23.6461941073 0.866437425641 17.587633928 59.870966235 
331 53.0667591095 -81.2824630737 -78.849937439 -41.2899398804 -36.2786190398 1 5.02260116608 23.6461935502 1.01573368408 17.587633928 59.870966235 
332 53.2129859924 -75.6747207642 -73.2421951294 -35.6821975708 -34.7522333414 2 5.02260116608 23.6461935502 1.01573368408 17.587633928 59.870966235 
333 53.3693759441 -88.1745681763 -85.7420425415 -48.1820449829 -35.5175929821 3 5.17246629495 23.673998995 0.98439020294 17.587633252 59.870964987 
334 53.5606470108 -81.5129013062 -79.0803756714 -41.5203781128 -35.5329667944 1 5.17246629495 23.673998995 0.98439020294 17.587633252 59.870964987 
335 53.7063651085 -79.3633041382 -76.9307785034 -39.3707809448 -38.657438162 2 5.17246606395 23.6739979377 1.26739403463 17.587633252 59.870964987 
336 53.8649430275 -83.7258529663 -81.2933273315 -43.7333297729 -38.4820553256 3 5.17246635476 23.6739992687 0.911112421295 17.587633252 59.870964987 
337 54.0228259563 -80.7272262573 -78.2947006226 -40.734703064 -38.2601669823 1 5.17246635476 23.6739992687 0.911113455621 17.587633252 59.870964987 
338 54.1762280464 -80.5819091797 -78.1493835449 -40.5893859863 -38.906740416 2 5.17246623069 23.6739987009 1.06311451686 17.587633252 59.870964987 
339 54.3301329613 -83.6071090698 -81.1745834351 -43.6145858765 -38.8935607837 3 5.17067206072 23.5362816807 1.06311400265 17.58763465 59.870964689 
340 54.4845581055 -84.2693023682 -81.8367767334 -44.2767791748 -39.8107021858 1 5.17067226806 23.5362826245 0.809008677085 17.58763465 59.870964689 
341 54.6363229752 -76.7849121094 -74.3523864746 -36.792388916 -36.6352283007 2 5.17067226806 23.5362826245 0.809008677085 17.58763465 59.870964689 
342 54.8260419369 -79.2074432373 -76.7749176025 -39.2149200439 -36.1253906397 3 5.17067242414 23.5362833349 0.617731572677 17.58763465 59.870964689 
343 54.9790370464 -82.9715881348 -80.5390625 -42.9790649414 -36.0841819224 1 5.17067242414 23.5362833349 0.617731572677 17.58763465 59.870964689 
344 55.142291069 -79.056060791 -76.6235351562 -39.0635375977 -37.4550934274 2 5.17067181259 23.5362805512 1.36720027392 17.58763465 59.870964689 
345 55.2978200912 -77.5389099121 -75.1063842773 -37.5463867188 -36.5542308125 3 5.1331996345 23.3962865738 1.36719972452 17.587636165 59.870964698 
346 55.4566049576 -80.5582199097 -78.1256942749 -40.5656967163 -36.3359054307 1 5.13319975973 23.3962871446 1.21260735913 17.587636165 59.870964698 
347 55.6065471172 -81.2939376831 -78.8614120483 -41.3014144897 -36.7752082179 2 5.13319975973 23.3962871446 1.21260735913 17.587636165 59.870964698 
348 55.7637879848 -84.4594497681 -82.0269241333 -44.4669265747 -39.1966613407 3 5.13319976603 23.3962871733 1.20483326897 17.587636165 59.870964698 
349 55.9242079258 -75.6365280151 -73.2040023804 -35.6440048218 -35.4547337225 1 5.13319954322 23.3962861578 1.47988066448 17.587636165 59.870964698 
350 56.1092898846 -81.4970321655 -79.0645065308 -41.5045089722 -35.4679019391 2 5.13319954322 23.3962861578 1.47988066448 17.587636165 59.870964698 
351 56.2608630657 -83.7980575562 -81.3655319214 -43.8055343628 -35.4556769708 3 5.13319935431 23.3962852968 1.71308821879 17.587636165 59.870964698 
352 56.4158871174 -75.8457641602 -73.4132385254 -35.8532409668 -35.6467423375 1 5.09508915179 23.3627148404 1.71308806378 17.587636605 59.870964955 
353 56.5720610619 -77.162071228 -74.7295455933 -37.1695480347 -34.8722131459 2 5.0950896532 23.3627171396 1.08947484247 17.587636605 59.870964955 
354 56.7580440044 -77.7895736694 -75.3570480347 -37.7970504761 -34.3986484432 3 5.0950896532 23.3627171396 1.08947484247 17.587636605 59.870964955 
355 56.9185431004 -77.7754974365 -75.3429718018 -37.7829742432 -35.1773025392 1 5.09508973746 23.3627175259 0.984675106144 17.587636605 59.870964955 
356 57.0650320053 -77.0900726318 -74.6575469971 -37.0975494385 -35.1482498609 2 5.09508947834 23.3627163377 1.30695466222 17.587636605 59.870964955 
357 57.2216041088 -74.8150939941 -72.3825683594 -34.8225708008 -33.7930774272 3 5.09508947834 23.3627163377 1.30695466222 17.587636605 59.870964955 
358 57.3848850727 -82.280960083 -79.8484344482 -42.2884368896 -34.1186497124 1 5.06725300105 23.3334906516 0.966339983471 17.587636974 59.870965132 
359 57.5380909443 -73.7519760132 -71.3194503784 -33.7594528198 -32.6950945345 2 5.06725300105 23.3334906516 0.966339983471 17.587636974 59.870965132 
360 57.695579052 -75.3208312988 -72.8883056641 -35.3283081055 -32.8714349375 3 5.06725296545 23.3334904877 1.01085803469 17.587636974 59.870965132 
361 57.8484869003 -87.536239624 -85.1037139893 -47.5437164307 -32.8974674744 1 5.06725296545 23.3334904877 1.01085803469 17.587636974 59.870965132 
362 58.0337369442 -78.3733520508 -75.940826416 -38.3808288574 -34.8458589385 2 5.06725285646 23.3334899858 1.14715347929 17.587636974 59.870965132 
363 58.1929581165 -79.2381668091 -76.8056411743 -39.2456436157 -37.2462967066 3 5.06725285646 23.3334899858 1.14715347929 17.587636974 59.870965132 
364 58.3510921001 -85.9263153076 -83.4937896729 -45.9337921143 -37.2255884791 1 5.03349016621 23.1322359504 1.01100703047 17.587639099 59.870964969 
365 58.5003170967 -75.7904510498 -73.357925415 -35.7979278564 -35.3772240741 2 5.03349016621 23.1322359504 1.01100703047 17.587639099 59.870964969 
366 58.656717062 -83.7418823242 -81.3093566895 -43.7493591309 -35.7230571904 3 5.03348988942 23.1322346783 1.35946609718 17.587639099 59.870964969 
367 58.8125948906 -83.0003204346 -80.5677947998 -43.0077972412 -35.6676525286 1 5.03348988942 23.1322346783 1.35946609718 17.587639099 59.870964969 
368 58.9680809975 -81.3458328247 -78.9133071899 -41.3533096313 -40.078753079 2 5.03349019328 23.1322360748 0.976924420638 17.587639099 59.870964969 
369 59.121213913 -81.8651504517 -79.4326248169 -41.8726272583 -39.5884797063 3 5.03348978115 23.1322341808 1.49576774951 17.587639099 59.870964969 
370 59.3080561161 -80.3844985962 -77.9519729614 -40.3919754028 -38.731838602 1 4.94099783086 23.0197093702 1.49576726653 17.587640481 59.870965522 
371 59.4683909416 -82.6478652954 -80.2153396606 -42.6553421021 -39.0463859246 2 4.94099818017 23.0197109976 1.04777516074 17.587640481 59.870965522 
372 59.6186990738 -91.5562210083 -89.1236953735 -51.5636978149 -39.7267317986 3 4.94099818017 23.0197109976 1.04777516074 17.587640481 59.870965522 
373 59.7776429653 -84.1047821045 -81.6722564697 -44.1122589111 -41.735062883 1 4.94099823944 23.0197112738 0.971759063064 17.587640481 59.870965522 
374 59.9543459415 -76.9665756226 -74.5340499878 -36.9740524292 -36.8918863828 2 4.94099823944 23.0197112738 0.971759063064 17.587640481 59.870965522 
