Nr Etime Raw dBm dBmW/m2 sum:dBmW/m2 loop X Y Z 
1 0 -81.2443161011 -78.8117904663 -41.2517929077 -38.9891062255 2 3.00581011252 22.3027568804 1.71632704537 17.587652831 59.870980822 
2 0.0399630069733 -81.0144271851 -78.5819015503 -41.0219039917 -38.8831866282 2 3.00581023293 22.3027577738 1.46246916094 17.587652831 59.870980822 
3 0.238094091415 -80.8720169067 -78.439491272 -40.8794937134 -38.6600789479 2 3.00581006911 22.3027565583 1.80782569393 17.587652831 59.870980822 
4 0.423439025879 -81.2494735718 -78.816947937 -41.2569503784 -38.6616411404 2 3.00581006911 22.3027565583 1.80782569393 17.587652831 59.870980822 
5 0.572411060333 -81.2259368896 -78.7934112549 -41.2334136963 -38.7306946051 2 3.00068406668 22.25892077 1.37832766212 17.587653288 59.870980767 
6 0.726846933365 -81.4588851929 -79.0263595581 -41.4663619995 -38.9308062804 2 3.00068406668 22.25892077 1.37832766212 17.587653288 59.870980767 
7 0.885519981384 -81.2090835571 -78.7765579224 -41.2165603638 -38.916884412 2 3.00068407282 22.2589208155 1.36537667334 17.587653288 59.870980767 
8 1.07753896713 -81.5009460449 -79.0684204102 -41.5084228516 -39.007640247 2 3.00068407282 22.2589208155 1.36537667334 17.587653288 59.870980767 
9 1.22813796997 -81.6305618286 -79.1980361938 -41.6380386353 -39.0615028587 2 3.00068397112 22.2589200611 1.58014688869 17.587653288 59.870980767 
10 1.38390803337 -81.4870529175 -79.0545272827 -41.4945297241 -39.1604357499 2 3.00068397112 22.2589200611 1.58014688869 17.587653288 59.870980767 
11 1.53444910049 -81.4751358032 -79.0426101685 -41.4826126099 -39.1516475664 2 3.00827084442 22.2454811629 1.01472580472 17.587653404 59.87098067 
12 1.71916913986 -81.4816207886 -79.0490951538 -41.4890975952 -39.1031349047 2 3.00827074997 22.2454804644 1.21369780116 17.587653404 59.87098067 
13 1.86923193932 -81.0283355713 -78.5958099365 -41.0358123779 -38.9396440376 2 3.00827074997 22.2454804644 1.21369780116 17.587653404 59.87098067 
14 2.02608799934 -81.2145996094 -78.7820739746 -41.222076416 -38.8554765243 2 3.00827080219 22.2454808506 1.10369187311 17.587653404 59.87098067 
15 2.18318295479 -81.7528610229 -79.3203353882 -41.7603378296 -38.9326526426 2 3.00827080219 22.2454808506 1.10369187311 17.587653404 59.87098067 
16 2.37546300888 -82.563873291 -80.1313476562 -42.5713500977 -39.3968219946 2 3.00827081209 22.2454809238 1.08283311316 17.587653404 59.87098067 
17 2.51097202301 -81.1064910889 -78.6739654541 -41.1139678955 -39.3495149896 2 2.69883905209 22.4405933577 1.08283366281 17.587652245 59.870983822 
18 2.6652109623 -81.9722595215 -79.5397338867 -41.9797363281 -39.4193835945 2 2.69883907113 22.440593516 1.03813411797 17.587652245 59.870983822 
19 2.82269191742 -82.3270645142 -79.8945388794 -42.3345413208 -39.3615599628 2 2.69883907113 22.440593516 1.03813411797 17.587652245 59.870983822 
20 3.00760102272 -82.2937698364 -79.8612442017 -42.3012466431 -39.8135799567 2 2.69883902654 22.4405931453 1.1428225388 17.587652245 59.870983822 
21 3.15888404846 -82.845954895 -80.4134292603 -42.8534317017 -40.0965040875 2 2.69883908349 22.4405936188 1.00912221726 17.587652245 59.870983822 
22 3.31450510025 -82.6596374512 -80.2271118164 -42.6671142578 -40.2094024029 2 2.69883908349 22.4405936188 1.00912221726 17.587652245 59.870983822 
23 3.49845409393 -83.3263320923 -80.8938064575 -43.3338088989 -40.5480937712 2 2.69883907354 22.440593536 1.03248601718 17.587652245 59.870983822 
24 3.68783211708 -85.8853607178 -83.452835083 -45.8928375244 -41.2035951255 2 2.07525225019 22.6177539054 1.03248641197 17.587652095 59.870989682 
25 3.82042694092 -85.4598083496 -83.0272827148 -45.4672851562 -42.2045233629 2 2.07525236168 22.6177551205 0.69205117931 17.587652095 59.870989682 
26 3.97795701027 -82.5363616943 -80.1038360596 -42.543838501 -41.7012084725 2 2.07525236168 22.6177551205 0.69205117931 17.587652095 59.870989682 
27 4.13181304932 -83.7612380981 -81.3287124634 -43.7687149048 -41.2326662904 2 2.07525222374 22.617753617 1.11326924866 17.587652095 59.870989682 
28 4.32740592957 -84.2763824463 -81.8438568115 -44.2838592529 -41.0196347295 2 2.07525222374 22.617753617 1.11326924866 17.587652095 59.870989682 
29 4.45341897011 -83.9044113159 -81.4718856812 -43.9118881226 -41.5918818867 2 2.07525218348 22.6177531782 1.23620799695 17.587652095 59.870989682 
30 4.61071205139 -83.255279541 -80.8227539062 -43.2627563477 -41.3922587232 2 1.31794263925 22.7755580036 1.23620835892 17.587652493 59.870996668 
31 4.77310490608 -82.9009475708 -80.468421936 -42.9084243774 -40.9366971257 2 1.31794272744 22.7755595276 0.812195738723 17.587652493 59.870996668 
32 4.969383955 -83.5641174316 -81.1315917969 -43.5715942383 -40.845055404 2 1.3179427422 22.7755597825 0.741250021624 17.587652493 59.870996668 
33 5.1140089035 -84.5410308838 -82.108505249 -44.5485076904 -41.1897040426 2 1.3179427422 22.7755597825 0.741250021624 17.587652493 59.870996668 
34 5.27091193199 -82.900718689 -80.4681930542 -42.9081954956 -41.1896003185 2 1.31794268404 22.7755587776 1.02086216021 17.587652493 59.870996668 
35 5.42703604698 -80.7912902832 -78.3587646484 -40.7987670898 -39.8381729778 2 1.31794268404 22.7755587776 1.02086216021 17.587652493 59.870996668 
36 5.61542010307 -80.6051635742 -78.1726379395 -40.6126403809 -38.8370083484 2 0.514124852209 23.2011804312 1.06499613144 17.587650304 59.871004671 
37 5.76817893982 -80.9314193726 -78.4988937378 -40.9388961792 -38.3937038917 2 0.514124852209 23.2011804312 1.06499613144 17.587650304 59.871004671 
38 5.92437410355 -81.3897705078 -78.957244873 -41.3972473145 -38.5737756386 2 0.514124850083 23.2011803353 1.09120199408 17.587650304 59.871004671 
39 6.0741519928 -82.1363601685 -79.7038345337 -42.1438369751 -39.0525082795 2 0.514124850316 23.2011803458 1.08832439912 17.587650304 59.871004671 
40 6.26162910461 -82.6832046509 -80.2506790161 -42.6906814575 -39.6264519267 2 0.514124850316 23.2011803458 1.08832439912 17.587650304 59.871004671 
41 6.39577293396 -82.6913375854 -80.2588119507 -42.6988143921 -40.1095648298 2 0.514124850316 23.2011803458 1.08832439912 17.587650304 59.871004671 
42 6.55141997337 -82.5901794434 -80.1576538086 -42.59765625 -40.2762905347 2 -0.330458868334 23.2779197977 0.664062834041 17.587651752 59.871012236 
43 6.72679805756 -82.23046875 -79.7979431152 -42.2379455566 -40.116713202 2 -0.330458840374 23.2779178282 1.20020874238 17.587651752 59.871012236 
44 6.87953495979 -81.533241272 -79.1007156372 -41.5407180786 -39.6946484975 2 -0.330458840374 23.2779178282 1.20020874238 17.587651752 59.871012236 
45 7.0089700222 -81.8656463623 -79.4331207275 -41.8731231689 -39.4797395254 2 -0.330458831685 23.2779172161 1.36683611811 17.587651752 59.871012236 
46 7.1680970192 -80.911026001 -78.4785003662 -40.9185028076 -39.0218497418 2 -0.330458831685 23.2779172161 1.36683611811 17.587651752 59.871012236 
47 7.31628298759 -80.4542160034 -78.0216903687 -40.4616928101 -38.622735767 2 -0.330458820772 23.2779164475 1.57608362443 17.587651752 59.871012236 
48 7.50732803345 -81.5121154785 -79.0795898438 -41.5195922852 -38.5384552494 2 -0.330458820772 23.2779164475 1.57608362443 17.587657105 59.871019823 
49 7.6658270359 -81.6513061523 -79.2187805176 -41.658782959 -38.7589095447 2 -1.27150095941 22.9937789077 1.37112677076 17.587657105 59.871019823 
50 7.80941390991 -80.7010650635 -78.2685394287 -40.7085418701 -38.8681289742 2 -1.27150095941 22.9937789077 1.37112677076 17.587657105 59.871019823 
51 7.96463608742 -80.5077667236 -78.0752410889 -40.5152435303 -38.5208338496 2 -1.27150099781 22.9937796022 1.17973983855 17.587657105 59.871019823 
52 8.15431213379 -80.7601242065 -78.3275985718 -40.7676010132 -38.2754911624 2 -1.27150100312 22.9937796982 1.15328082072 17.587657105 59.871019823 
53 8.30410599709 -82.2954788208 -79.862953186 -42.3029556274 -38.6791379765 2 -1.27150100312 22.9937796982 1.15328082072 17.587657105 59.871019823 
54 8.46724295616 -82.7434005737 -80.310874939 -42.7508773804 -39.3803820816 2 -2.28441771899 22.6767561135 0.896756981664 17.58766298 59.871027964 
55 8.61584806442 -84.0519332886 -81.6194076538 -44.0594100952 -40.5334065142 2 -2.28441771899 22.6767561135 0.896756981664 17.58766298 59.871027964 
56 8.81072402 -83.0891952515 -80.6566696167 -43.0966720581 -40.8496640351 2 -2.2844175466 22.6767544023 1.37494197161 17.58766298 59.871027964 
57 8.9602189064 -81.0586090088 -78.626083374 -41.0660858154 -39.9859151035 2 -2.2844175466 22.6767544023 1.37494197161 17.58766298 59.871027964 
58 9.1111869812 -79.2216796875 -76.7891540527 -39.2291564941 -38.211795854 2 -2.28441764761 22.676755405 1.09474424657 17.58766298 59.871027964 
59 9.2679669857 -78.5021209717 -76.0695953369 -38.5095977783 -36.976349382 2 -2.28441764761 22.676755405 1.09474424657 17.58766298 59.871027964 
60 9.42483997345 -78.2540283203 -75.8215026855 -38.261505127 -36.2437910704 2 -2.2844175846 22.6767547795 1.26952960245 17.58766298 59.871027964 
61 9.61424207687 -77.4501876831 -75.0176620483 -37.4576644897 -35.6427515473 2 -3.34697961664 22.426721774 1.26952918545 17.587668308 59.871036692 
62 9.76545190811 -79.715637207 -77.2831115723 -39.7231140137 -35.9064221887 2 -3.34697979377 22.4267229608 0.934164429823 17.587668308 59.871036692 
63 9.91901707649 -80.1039810181 -77.6714553833 -40.1114578247 -36.3743233838 2 -3.34697988386 22.4267235645 0.763597676224 17.587668308 59.871036692 
64 10.0729911327 -80.2125091553 -77.7799835205 -40.2199859619 -37.6219206551 2 -3.34697988386 22.4267235645 0.763597676224 17.587668308 59.871036692 
65 10.2572031021 -80.7433395386 -78.3108139038 -40.7508163452 -37.9576962089 2 -3.3469796288 22.4267218555 1.2464929972 17.587668308 59.871036692 
66 10.4081549644 -80.2284622192 -77.7959365845 -40.2359390259 -38.0030369883 2 -3.3469796288 22.4267218555 1.2464929972 17.587668308 59.871036692 
67 10.5641069412 -80.177696228 -77.7451705933 -40.1851730347 -37.990431041 2 -4.41853548047 22.0468760814 1.02904399911 17.587674973 59.871045203 
68 10.7267150879 -78.5743331909 -76.1418075562 -38.5818099976 -37.1375067422 2 -4.41853537894 22.0468755748 1.1746607868 17.587674973 59.871045203 
69 10.9198229313 -78.5396957397 -76.107170105 -38.5471725464 -36.5973552405 2 -4.41853537894 22.0468755748 1.1746607868 17.587674973 59.871045203 
70 11.0782270432 -80.218208313 -77.7856826782 -40.2256851196 -36.605059774 2 -4.41853532292 22.0468752953 1.25499443586 17.587674973 59.871045203 
71 11.2327170372 -79.4944152832 -77.0618896484 -39.5018920898 -36.9299981077 2 -4.41853532292 22.0468752953 1.25499443586 17.587674973 59.871045203 
72 11.3897061348 -80.0630874634 -77.6305618286 -40.07056427 -37.5242620272 2 -4.41853552881 22.0468763226 0.959720769205 17.587674973 59.871045203 
73 11.577105999 -80.3607330322 -77.9282073975 -40.3682098389 -37.5643891098 2 -5.43320354606 21.5756162574 0.959719936566 17.587682413 59.871053008 
74 11.7370829582 -83.4636764526 -81.0311508179 -43.4711532593 -38.4794319846 2 -5.43320365393 21.5756166858 0.833917400576 17.587682413 59.871053008 
75 11.8813381195 -87.6906280518 -85.258102417 -47.6981048584 -39.8427753023 2 -5.43320365393 21.5756166858 0.833917400576 17.587682413 59.871053008 
76 12.0397560596 -84.7073745728 -82.274848938 -44.7148513794 -42.3103206082 2 -5.43320341162 21.5756157235 1.1165272619 17.587682413 59.871053008 
77 12.1942310333 -83.0065612793 -80.5740356445 -43.0140380859 -42.030977181 2 -5.43320341162 21.5756157235 1.1165272619 17.587682413 59.871053008 
78 12.3439919949 -85.2753143311 -82.8427886963 -45.2827911377 -41.7272301191 2 -5.43320359344 21.5756164456 0.90446071933 17.587682413 59.871053008 
79 12.4995820522 -87.1396865845 -84.7071609497 -47.1471633911 -42.1323847375 2 -6.66566189997 20.8143064287 0.904459348996 17.587693361 59.871062058 
80 12.6527121067 -89.5757217407 -87.143196106 -49.5831985474 -44.3146946556 2 -6.66566137195 20.81430478 1.40642362255 17.587693361 59.871062058 
81 12.8364310265 -84.710105896 -82.2775802612 -44.7175827026 -43.9362986712 2 -6.66566178523 20.8143060705 1.01353590235 17.587693361 59.871062058 
82 12.9882950783 -84.0652542114 -81.6327285767 -44.0727310181 -42.7698452727 2 -6.66566178523 20.8143060705 1.01353590235 17.587693361 59.871062058 
83 13.1467370987 -85.0358886719 -82.6033630371 -45.0433654785 -42.1874590769 2 -6.66566195338 20.8143065955 0.853681341949 17.587693361 59.871062058 
84 13.3040850163 -83.2090377808 -80.776512146 -43.2165145874 -41.5999428892 2 -6.66566195338 20.8143065955 0.853681341949 17.587693361 59.871062058 
85 13.4888110161 -80.419883728 -77.9873580933 -40.4273605347 -39.7027070614 2 -6.66566122787 20.81430433 1.54339814214 17.587693361 59.871062058 
86 13.6480379105 -82.8387832642 -80.4062576294 -42.8462600708 -39.3998993241 2 -7.71315939388 20.0681052985 1.54339692394 17.587703669 59.871069524 
87 13.807379961 -81.3741455078 -78.941619873 -41.3816223145 -38.9521104556 2 -7.71316004009 20.0681069798 1.0124941862 17.587703669 59.871069524 
88 13.9517939091 -79.7742385864 -77.3417129517 -39.7817153931 -38.6009409071 2 -7.71316004009 20.0681069798 1.0124941862 17.587703669 59.871069524 
89 14.1370389462 -79.844543457 -77.4120178223 -39.8520202637 -37.8387296631 2 -7.71316060006 20.0681084367 0.552450560518 17.587703669 59.871069524 
90 14.2911710739 -81.5816421509 -79.1491165161 -41.5891189575 -37.8777911154 2 -7.71316060006 20.0681084367 0.552450560518 17.587703669 59.871069524 
91 14.444922924 -83.9983901978 -81.565864563 -44.0058670044 -38.8355032865 2 -7.71316020932 20.0681074201 0.873466110457 17.587703669 59.871069524 
92 14.5995340347 -80.8076477051 -78.3751220703 -40.8151245117 -39.387077347 2 -8.73536077252 19.3497192658 1.29143458984 17.587713629 59.871076832 
93 14.7659900188 -83.9946212769 -81.5620956421 -44.0020980835 -39.9925711141 2 -8.73536077252 19.3497192658 1.29143018531 17.587713629 59.871076832 
94 14.9145441055 -89.4188613892 -86.9863357544 -49.4263381958 -40.3315794223 2 -8.73536021806 19.3497180376 1.69365001987 17.587713629 59.871076832 
95 15.0704729557 -86.112197876 -83.6796722412 -46.1196746826 -43.1812598742 2 -8.73536021806 19.3497180376 1.69365001987 17.587713629 59.871076832 
96 15.2289791107 -86.5748977661 -84.1423721313 -46.5823745728 -44.5862670069 2 -8.73536051359 19.3497186922 1.47926901128 17.587713629 59.871076832 
97 15.3999240398 -91.0041351318 -88.5716094971 -51.0116119385 -44.7108808594 2 -8.73536051359 19.3497186922 1.47926901128 17.587713629 59.871076832 
98 15.5511169434 -89.6940231323 -87.2614974976 -49.701499939 -45.9021942453 2 -9.82379065713 18.2588316916 0.750156253418 17.587727532 59.871083871 
99 15.7027311325 -85.6027755737 -83.170249939 -45.6102523804 -45.1517563011 2 -9.82379065713 18.2588316916 0.750156253418 17.587727532 59.871083871 
100 15.8568940163 -82.1327133179 -79.7001876831 -42.1401901245 -41.685306874 2 -9.82378982624 18.2588301473 1.28612005335 17.587727532 59.871083871 
101 16.0425541401 -90.462600708 -88.0300750732 -50.4700775146 -41.7015053725 2 -9.82378982624 18.2588301473 1.28612005335 17.587727532 59.871083871 
102 16.1972589493 -97.5099563599 -95.0774307251 -57.5174331665 -42.0920453765 2 -9.82378999766 18.2588304659 1.17554668333 17.587727532 59.871083871 
103 16.3459091187 -87.9660949707 -85.5335693359 -47.9735717773 -47.3558250597 2 -9.82378999766 18.2588304659 1.17554668333 17.587727532 59.871083871 
104 16.5027730465 -81.2701187134 -78.8375930786 -41.27759552 -41.1791928308 2 -10.7300420931 17.1201218335 0.854257415951 17.587741439 59.871089207 
105 16.699794054 -85.94090271 -83.5083770752 -45.9483795166 -40.9512580987 2 -10.7300420315 17.1201217352 0.890656206574 17.587741439 59.871089207 
106 16.8528840542 -88.2350006104 -85.8024749756 -48.242477417 -40.9612471121 2 -10.7300420315 17.1201217352 0.890656206574 17.587741439 59.871089207 
107 17.0026879311 -95.6147384644 -93.1822128296 -55.622215271 -45.2818008807 2 -10.7300414788 17.1201208534 1.21703353583 17.587741439 59.871089207 
108 17.1558771133 -85.2761535645 -82.8436279297 -45.2836303711 -44.7739491131 2 -10.7300414788 17.1201208534 1.21703353583 17.587741439 59.871089207 
109 17.3433699608 -87.3789520264 -84.9464263916 -47.386428833 -44.5712825939 2 -10.7300413061 17.1201205778 1.31904942967 17.587741439 59.871089207 
110 17.4916269779 -99.1862716675 -96.7537460327 -59.1937484741 -44.5821091662 2 -10.7300413061 17.1201205778 1.31904942967 17.587741439 59.871089207 
111 17.6500051022 -89.3074111938 -86.8748855591 -49.3148880005 -46.6314315062 2 -11.6064644917 15.7869293365 1.28017998629 17.587757235 59.871093839 
112 17.8022060394 -82.4911956787 -80.0586700439 -42.4986724854 -42.4056173239 2 -11.606464789 15.7869297409 1.11784654128 17.587757235 59.871093839 
113 17.9877510071 -91.1545028687 -88.7219772339 -51.1619796753 -42.3683894788 2 -11.606464789 15.7869297409 1.11784654128 17.587757235 59.871093839 
114 18.146807909 -89.2578048706 -86.8252792358 -49.2652816772 -42.3663430212 2 -11.6064652106 15.7869303143 0.88769262072 17.587757235 59.871093839 
115 18.2905111313 -80.8359603882 -78.4034347534 -40.8434371948 -40.7806863687 2 -11.6064652106 15.7869303143 0.88769262072 17.587757235 59.871093839 
116 18.453099966 -84.5002975464 -82.0677719116 -44.507774353 -40.4373000428 2 -11.606464129 15.7869288432 1.47818023942 17.587757235 59.871093839 
117 18.6057789326 -84.2987670898 -81.8662414551 -44.3062438965 -40.1315579175 2 -12.5259911772 14.3504966718 1.47818697751 17.587774189 59.871098613 
118 18.7585270405 -83.9585494995 -81.5260238647 -43.9660263062 -41.8627960721 2 -12.5259913896 14.3504969152 1.37071660425 17.587774189 59.871098613 
119 18.9137511253 -82.5232925415 -80.0907669067 -42.5307693481 -41.0718953166 2 -12.5259913896 14.3504969152 1.37071660425 17.587774189 59.871098613 
120 19.0670211315 -84.7387390137 -82.3062133789 -44.7462158203 -41.1636102137 2 -12.5259918087 14.3504973954 1.15869203062 17.587774189 59.871098613 
121 19.2508950233 -84.490486145 -82.0579605103 -44.4979629517 -41.2974494829 2 -12.5259918087 14.3504973954 1.15869203062 17.587774189 59.871098613 
122 19.38626194 -79.4686508179 -77.0361251831 -39.4761276245 -39.1033181742 2 -12.5259918504 14.3504974431 1.13759356103 17.587774189 59.871098613 
123 19.5428819656 -81.8203125 -79.3877868652 -41.8277893066 -38.6879607991 2 -12.5259918504 14.3504974431 1.13759356103 17.587789096 59.871102753 
124 19.6962490082 -85.7708129883 -83.3382873535 -45.7782897949 -38.7556171364 2 -13.3283318983 13.0858927342 1.22926861894 17.587789096 59.871102753 
125 19.8791499138 -82.3464660645 -79.9139404297 -42.3539428711 -40.3810016696 2 -13.3283313873 13.0858922325 1.47221508149 17.587789096 59.871102753 
126 20.0333459377 -78.50440979 -76.0718841553 -38.5118865967 -38.1057603841 2 -13.3283313873 13.0858922325 1.47221508149 17.587789096 59.871102753 
127 20.1943490505 -79.1954040527 -76.762878418 -39.2028808594 -37.1205275114 2 -13.3283317272 13.0858925663 1.3106134749 17.587789096 59.871102753 
128 20.3479061127 -80.895111084 -78.4625854492 -40.9025878906 -36.9425517763 2 -13.3283317272 13.0858925663 1.3106134749 17.587789096 59.871102753 
129 20.5323870182 -78.8348693848 -76.40234375 -38.8423461914 -37.096703516 2 -13.3283315293 13.085892372 1.4046956494 17.587789096 59.871102753 
130 20.6756439209 -76.191368103 -73.7588424683 -36.1988449097 -35.4517899532 2 -14.1184825116 11.6604581368 1.40469457766 17.587805598 59.87110642 
131 20.8300099373 -79.412437439 -76.9799118042 -39.4199142456 -35.2855161966 2 -14.1184811092 11.6604569786 2.03413443643 17.587805598 59.87110642 
132 20.9768259525 -83.0809326172 -80.6484069824 -43.0884094238 -35.6819432568 2 -14.1184811092 11.6604569786 2.03413443643 17.587805598 59.87110642 
133 21.1711881161 -80.1737976074 -77.7412719727 -40.1812744141 -38.0388909721 2 -14.1184829717 11.6604585168 1.19819465278 17.587805598 59.87110642 
134 21.3158330917 -77.9545516968 -75.522026062 -37.9620285034 -37.1488774031 2 -14.1184819943 11.6604577096 1.63686897733 17.587805598 59.87110642 
135 21.4696910381 -79.8232192993 -77.3906936646 -39.830696106 -36.7065125418 2 -14.1184819943 11.6604577096 1.63686897733 17.587805598 59.87110642 
136 21.629347086 -84.102973938 -81.6704483032 -44.1104507446 -37.1079996532 2 -14.8659860918 10.2469526378 1.23712493526 17.587821867 59.871109741 
137 21.8144581318 -81.4837036133 -79.0511779785 -41.4911804199 -38.8035730089 2 -14.8659860918 10.2469526378 1.23712493526 17.587821867 59.871109741 
138 21.9702911377 -77.0436859131 -74.6111602783 -37.0511627197 -36.7136566538 2 -14.8659863199 10.246952795 1.13992134961 17.587821867 59.871109741 
139 22.1170759201 -79.1721725464 -76.7396469116 -39.179649353 -36.1639810108 2 -14.8659863199 10.246952795 1.13992134961 17.587821867 59.871109741 
140 22.2792420387 -82.8313446045 -80.3988189697 -42.8388214111 -36.2521062686 2 -14.8659858296 10.2469524571 1.3488806709 17.587821867 59.871109741 
141 22.4586720467 -81.1980209351 -78.7654953003 -41.2054977417 -38.1879859899 2 -14.8659858296 10.2469524571 1.3488806709 17.587821867 59.871109741 
142 22.6172471046 -76.7822189331 -74.3496932983 -36.7896957397 -36.407305144 2 -15.5596856219 8.65862058994 1.73588204587 17.587839763 59.871112193 
143 22.7719941139 -75.334312439 -72.9017868042 -35.3417892456 -34.3477632993 2 -15.5596856219 8.65862058994 1.73588204587 17.587839763 59.871112193 
144 22.9282419682 -77.3149185181 -74.8823928833 -37.3223953247 -33.9309059478 2 -15.5596870272 8.65862137196 1.16356665936 17.587839763 59.871112193 
145 23.106359005 -79.3869934082 -76.9544677734 -39.3944702148 -34.3812260503 2 -15.5596858921 8.65862074027 1.62586392653 17.587839763 59.871112193 
146 23.260666132 -75.76537323 -73.3328475952 -35.7728500366 -34.6481919343 2 -15.5596858921 8.65862074027 1.62586392653 17.587839763 59.871112193 
147 23.4253721237 -76.3122787476 -73.8797531128 -36.3197555542 -34.3049187445 2 -15.5596858666 8.65862072606 1.63626589028 17.587839763 59.871112193 
148 23.5830469131 -76.8138580322 -74.3813323975 -36.8213348389 -33.8768851075 2 -16.243816657 6.84539864609 1.63626538773 17.587859909 59.871114049 
149 23.7350621223 -76.7691268921 -74.3366012573 -36.7766036987 -34.2415324085 2 -16.243817976 6.84539920192 1.12172979486 17.587859909 59.871114049 
150 23.8948409557 -75.5530853271 -73.1205596924 -35.5605621338 -33.9178863605 2 -16.243817976 6.84539920192 1.12172979486 17.587859909 59.871114049 
151 24.0483460426 -76.4931259155 -74.0606002808 -36.5006027222 -33.8289665867 2 -16.2438175944 6.84539904111 1.27059343577 17.587859909 59.871114049 
152 24.2003910542 -78.0113983154 -75.5788726807 -38.0188751221 -34.0871515645 2 -16.2438175944 6.84539904111 1.27059343577 17.587859909 59.871114049 
153 24.3885791302 -76.0163650513 -73.5838394165 -36.0238418579 -34.3098602216 2 -16.2438165634 6.84539860664 1.6727858674 17.587859909 59.871114049 
154 24.5343310833 -73.8382949829 -71.4057693481 -33.8457717896 -32.9464208843 2 -16.2438165634 6.84539860664 1.6727858674 17.587859909 59.871114049 
155 24.6944479942 -76.3778457642 -73.9453201294 -36.3853225708 -32.7227393032 2 -16.8873132764 5.20495463953 1.27000397114 17.5878782 59.871115943 
156 24.8464651108 -76.1137542725 -73.6812286377 -36.1212310791 -32.7436649428 2 -16.8873127487 5.20495447689 1.4680170251 17.5878782 59.871115943 
157 25.0281181335 -74.7837524414 -72.3512268066 -34.791229248 -33.2623941228 2 -16.8873127487 5.20495447689 1.4680170251 17.5878782 59.871115943 
158 25.1657559872 -75.0194778442 -72.5869522095 -35.0269546509 -32.8550549696 2 -16.8873119684 5.20495423636 1.76084777652 17.5878782 59.871115943 
159 25.3151600361 -76.3259735107 -73.893447876 -36.3334503174 -32.9004525046 2 -16.8873119684 5.20495423636 1.76084777652 17.5878782 59.871115943 
160 25.477864027 -75.1300048828 -72.697479248 -35.1374816895 -33.0387546984 2 -16.8873118306 5.20495419391 1.81253079108 17.5878782 59.871115943 
161 25.6571750641 -74.135307312 -71.7027816772 -34.1427841187 -32.6407393991 2 -17.4820977714 3.48382492929 1.81253122394 17.587897179 59.871117227 
162 25.8061630726 -77.9869232178 -75.554397583 -37.9944000244 -32.8637716342 2 -17.4820978505 3.48382494504 1.78387564855 17.587897179 59.871117227 
163 25.9666080475 -78.2109680176 -75.7784423828 -38.2184448242 -33.5353785156 2 -17.4820978505 3.48382494504 1.78387564855 17.587897179 59.871117227 
164 26.1270480156 -76.7083206177 -74.2757949829 -36.7157974243 -35.1511473567 2 -17.4820983914 3.48382505283 1.58781307687 17.587897179 59.871117227 
165 26.2937381268 -75.2414245605 -72.8088989258 -35.2489013672 -34.0168727064 2 -17.4820983914 3.48382505283 1.58781307687 17.587897179 59.871117227 
166 26.4609749317 -76.2863616943 -73.8538360596 -36.293838501 -33.6101449517 2 -17.4820992263 3.4838252192 1.28519762112 17.587897179 59.871117227 
167 26.6054909229 -75.9687423706 -73.5362167358 -35.9762191772 -33.4089426451 2 -17.9862320459 1.67455166313 1.31625202371 17.587916811 59.871117517 
168 26.7696659565 -74.2452697754 -71.8127441406 -34.252746582 -32.9253339983 2 -17.9862320459 1.67455166313 1.31625202371 17.587916811 59.871117517 
169 26.9488101006 -76.2210006714 -73.7884750366 -36.228477478 -32.9113133654 2 -17.9862303275 1.67455150314 1.92167083897 17.587916811 59.871117517 
170 27.1033871174 -77.1969604492 -74.7644348145 -37.2044372559 -33.1529636262 2 -17.9862303275 1.67455150314 1.92167083897 17.587916811 59.871117517 
171 27.2548179626 -76.2966995239 -73.8641738892 -36.3041763306 -34.150504864 2 -17.9862309563 1.67455156168 1.70013397264 17.587916811 59.871117517 
172 27.4177730083 -75.2852935791 -72.8527679443 -35.2927703857 -33.7421860069 2 -17.9862309563 1.67455156168 1.70013397264 17.587916811 59.871117517 
173 27.601252079 -76.3882980347 -73.9557723999 -36.3957748413 -33.551851532 2 -18.3555177208 -0.0430076904897 1.98493981398 17.58793516 59.871116836 
174 27.7531080246 -76.6428451538 -74.210319519 -36.6503219604 -33.6438555869 2 -18.3555177208 -0.0430076904897 1.98493981398 17.58793516 59.871116836 
175 27.9066309929 -75.5587539673 -73.1262283325 -35.5662307739 -33.7675538137 2 -18.355518108 -0.0430076913969 1.85126825433 17.58793516 59.871116836 
176 28.0644319057 -75.7102355957 -73.2777099609 -35.7177124023 -33.5423972894 2 -18.3555183575 -0.0430076919815 1.76514625124 17.58793516 59.871116836 
177 28.2464940548 -78.3745193481 -75.9419937134 -38.3819961548 -33.8481557649 2 -18.3555183575 -0.0430076919815 1.76514625124 17.58793516 59.871116836 
178 28.398993969 -78.0377655029 -75.6052398682 -38.0452423096 -34.6493870533 2 -18.355519918 -0.0430076956376 1.2264380138 17.58793516 59.871116836 
179 28.5525341034 -77.1743927002 -74.7418670654 -37.1818695068 -35.4235269944 2 -18.6263824401 -1.62744526928 1.22643901284 17.587951903 59.871115597 
180 28.7527980804 -76.2446136475 -73.8120880127 -36.2520904541 -34.6517857336 2 -18.6263804892 -1.62744509882 1.89015891307 17.587951903 59.871115597 
181 28.9240059853 -75.4275360107 -72.995010376 -35.4350128174 -33.7893032551 2 -18.6263804892 -1.62744509882 1.89015891307 17.587951903 59.871115597 
182 29.0832290649 -73.992225647 -71.5597000122 -33.9997024536 -32.6396051419 2 -18.6263812586 -1.62744516605 1.62838634722 17.587951903 59.871115597 
183 29.2332060337 -75.8713302612 -73.4388046265 -35.8788070679 -32.5637822761 2 -18.6263812586 -1.62744516605 1.62838634722 17.587951903 59.871115597 
184 29.387597084 -80.420173645 -77.9876480103 -40.4276504517 -33.1591166198 2 -18.6263814191 -1.62744518008 1.57377895332 17.587951903 59.871115597 
185 29.5797319412 -83.3133010864 -80.8807754517 -43.3207778931 -35.5648226522 2 -18.8056048061 -3.46218971977 1.87927797797 17.587970937 59.871112986 
186 29.7076129913 -80.4761962891 -78.0436706543 -40.4836730957 -38.6779705429 2 -18.8056048061 -3.46218971977 1.87927797797 17.587970937 59.871112986 
187 29.8612859249 -76.9510345459 -74.5185089111 -36.9585113525 -36.4728701784 2 -18.8056051231 -3.46218977814 1.77244880937 17.587970937 59.871112986 
188 30.0184071064 -77.2094726562 -74.7769470215 -37.2169494629 -35.3629582116 2 -18.8056051231 -3.46218977814 1.77244880937 17.587970937 59.871112986 
189 30.1775350571 -75.6143341064 -73.1818084717 -35.6218109131 -34.0950176515 2 -18.80560455 -3.46218967264 1.96555472574 17.587970937 59.871112986 
190 30.3274669647 -76.3080749512 -73.8755493164 -36.3155517578 -33.9035570221 2 -18.80560455 -3.46218967264 1.96555472574 17.587970937 59.871112986 
191 30.4822430611 -75.5366592407 -73.104133606 -35.5441360474 -33.4149495698 2 -18.8056051396 -3.46218978118 1.76688906886 17.587970937 59.871112986 
192 30.6361689568 -78.5384674072 -76.1059417725 -38.5459442139 -34.0917617936 2 -18.9194816686 -5.08541788767 1.76689050269 17.587987659 59.871110285 
193 30.8283269405 -79.4549484253 -77.0224227905 -39.4624252319 -34.7895155847 2 -18.9194817231 -5.08541790232 1.74863591454 17.587987659 59.871110285 
194 30.9802799225 -77.0461425781 -74.6136169434 -37.0536193848 -35.7380998538 2 -18.9194817231 -5.08541790232 1.74863591454 17.587987659 59.871110285 
195 31.1370379925 -76.2604522705 -73.8279266357 -36.2679290771 -34.8445650888 2 -18.9194817376 -5.0854179062 1.74379777335 17.587987659 59.871110285 
196 31.2883200645 -76.2092666626 -73.7767410278 -36.2167434692 -34.0948794359 2 -18.919481317 -5.08541779314 1.88468053697 17.587987659 59.871110285 
197 31.4541020393 -77.32862854 -74.8961029053 -37.3361053467 -34.1637728336 2 -18.919481317 -5.08541779314 1.88468053697 17.587987659 59.871110285 
198 31.6062290668 -75.0588684082 -72.6263427734 -35.0663452148 -33.6269616863 2 -19.0730066482 -6.85963811386 1.88468266984 17.588006013 59.871107587 
199 31.7585189342 -74.3598556519 -71.9273300171 -34.3673324585 -32.8844535879 2 -19.0730090538 -6.85963897902 1.08546971289 17.588006013 59.871107587 
200 31.9122290611 -76.1100082397 -73.677482605 -36.1174850464 -32.6836156911 2 -19.0730063814 -6.8596380179 1.97333525177 17.588006013 59.871107587 
201 32.0807409286 -77.1156234741 -74.6830978394 -37.1231002808 -33.1799369011 2 -19.0730063814 -6.8596380179 1.97333525177 17.588006013 59.871107587 
202 32.2264530659 -76.55809021 -74.1255645752 -36.5655670166 -34.1779773569 2 -19.0730071289 -6.85963828674 1.72498375532 17.588006013 59.871107587 
203 32.3830859661 -78.7049255371 -76.2723999023 -38.7124023438 -34.9077868585 2 -19.0730071289 -6.85963828674 1.72498375532 17.588006013 59.871107587 
204 32.5310389996 -80.8197937012 -78.3872680664 -40.8272705078 -35.6669873259 2 -19.1989643699 -8.63727802501 2.16709544495 17.588024329 59.87110464 
205 32.7190740108 -78.8161392212 -76.3836135864 -38.8236160278 -36.8777964701 2 -19.1989643699 -8.63727802501 2.16709544495 17.588024329 59.87110464 
206 32.8771939278 -77.1614456177 -74.7289199829 -37.1689224243 -36.0785837701 2 -19.1989659708 -8.63727874522 1.6387109213 17.588024329 59.87110464 
207 33.0366289616 -80.7221221924 -78.2895965576 -40.729598999 -36.0673967318 2 -19.1989655988 -8.63727857786 1.76149495046 17.588024329 59.87110464 
208 33.2013289928 -80.9206314087 -78.4881057739 -40.9281082153 -36.4835682116 2 -19.1989655988 -8.63727857786 1.76149495046 17.588024329 59.87110464 
209 33.3880329132 -79.4446563721 -77.0121307373 -39.4521331787 -37.8806514711 2 -19.1989649091 -8.63727826758 1.98913595449 17.588024329 59.87110464 
210 33.5393810272 -77.5505065918 -75.117980957 -37.5579833984 -36.4972879371 2 -19.130326746 -9.96591845569 1.98913769687 17.58803759 59.871101013 
211 33.6919901371 -77.3070068359 -74.8744812012 -37.3144836426 -35.5366731731 2 -19.1303273141 -9.96591875165 1.80094805202 17.58803759 59.871101013 
212 33.8440959454 -77.1406402588 -74.708114624 -37.1481170654 -34.9481082747 2 -19.1303273141 -9.96591875165 1.80094805202 17.58803759 59.871101013 
213 34.0341930389 -76.9836959839 -74.5511703491 -36.9911727905 -34.7616436891 2 -19.1303261223 -9.96591813075 2.19574648356 17.58803759 59.871101013 
214 34.1857719421 -78.2279434204 -75.7954177856 -38.2354202271 -35.0065968709 2 -19.1303261223 -9.96591813075 2.19574648356 17.58803759 59.871101013 
215 34.3410611153 -82.5761871338 -80.143661499 -42.5836639404 -35.9170150505 2 -19.1303265641 -9.96591836094 2.04938423724 17.58803759 59.871101013 
216 34.4897091389 -82.1879348755 -79.7554092407 -42.1954116821 -37.6716548878 2 -18.904817703 -11.3210617458 2.32140381124 17.588050706 59.871095953 
217 34.6744060516 -81.0965576172 -78.6640319824 -41.1040344238 -39.4817290134 2 -18.904817703 -11.3210617458 2.32140381124 17.588050706 59.871095953 
218 34.8323221207 -79.5048217773 -77.0722961426 -39.512298584 -38.2710710956 2 -18.9048183587 -11.3210621385 2.10161112493 17.588050706 59.871095953 
219 34.9793510437 -80.6947250366 -78.2621994019 -40.7022018433 -37.9444630774 2 -18.9048183587 -11.3210621385 2.10161112493 17.588050706 59.871095953 
220 35.1373269558 -81.0119094849 -78.5793838501 -41.0193862915 -37.9244096534 2 -18.9048190513 -11.3210625532 1.86945585831 17.588050706 59.871095953 
221 35.3195459843 -78.7992401123 -76.3667144775 -38.8067169189 -37.556199821 2 -18.9048190513 -11.3210625532 1.86945585831 17.588050706 59.871095953 
222 35.4726910591 -81.3879776001 -78.9554519653 -41.3954544067 -37.7002569317 2 -18.9048190889 -11.3210625758 1.85683721618 17.588050706 59.871095953 
223 35.6221570969 -84.4000778198 -81.9675521851 -44.4075546265 -38.1082751591 2 -18.5553983536 -12.725266653 1.85683884784 17.588063992 59.871089697 
224 35.7802870274 -84.5034484863 -82.0709228516 -44.510925293 -40.5324789855 2 -18.5553993108 -12.7252673094 1.52997035738 17.588063992 59.871089697 
225 35.9301240444 -82.8715820312 -80.4390563965 -42.8790588379 -41.4107981439 2 -18.5553993108 -12.7252673094 1.52997035738 17.588063992 59.871089697 
226 36.088447094 -83.3823394775 -80.9498138428 -43.3898162842 -41.1065379152 2 -18.5553986007 -12.7252668225 1.77245990355 17.588063992 59.871089697 
227 36.2394900322 -80.5640716553 -78.1315460205 -40.5715484619 -39.5257766831 2 -18.5553986007 -12.7252668225 1.77245990355 17.588063992 59.871089697 
228 36.3992629051 -81.7013168335 -79.2687911987 -41.7087936401 -39.2176558365 2 -18.5553978346 -12.7252662971 2.03407857872 17.588063992 59.871089697 
229 36.5832231045 -82.4030990601 -79.9705734253 -42.4105758667 -39.0436598422 2 -18.2294725434 -14.1709966937 2.04930804363 17.58807776 59.871083552 
230 36.7308659554 -86.9944381714 -84.5619125366 -47.001914978 -40.4189444224 2 -18.2294725434 -14.1709966937 2.04930804363 17.58807776 59.871083552 
231 36.8907449245 -90.7153015137 -88.2827758789 -50.7227783203 -42.1213671552 2 -18.2294727374 -14.1709968446 1.98185341108 17.58807776 59.871083552 
232 37.0412681103 -88.8669509888 -86.434425354 -48.8744277954 -45.9780468939 2 -18.2294727374 -14.1709968446 1.98185341108 17.58807776 59.871083552 
233 37.2432360649 -85.8955154419 -83.4629898071 -45.9029922485 -45.2302453712 2 -18.2294719565 -14.1709962375 2.25331215746 17.58807776 59.871083552 
234 37.3818430901 -86.6344451904 -84.2019195557 -46.6419219971 -44.4349875956 2 -18.2294719565 -14.1709962375 2.25329934619 17.58807776 59.871083552 
235 37.547301054 -84.7532119751 -82.3206863403 -44.7606887817 -43.2431725804 2 -18.2294716245 -14.1709959794 2.36872644632 17.58807776 59.871083552 
236 37.7114579678 -86.1822662354 -83.7497406006 -46.189743042 -43.3235613159 2 -17.7743830285 -15.8115645205 2.36872903411 17.588093159 59.871075833 
237 37.8894500732 -83.1219024658 -80.6893768311 -43.1293792725 -41.9566908959 2 -17.7743836078 -15.8115650358 2.16219449487 17.588093159 59.871075833 
238 38.034774065 -87.4522018433 -85.0196762085 -47.4596786499 -42.4293107484 2 -17.7743839894 -15.8115653753 2.02614384589 17.588093159 59.871075833 
239 38.1973290443 -87.2163925171 -84.7838668823 -47.2238693237 -42.5800252646 2 -17.7743839894 -15.8115653753 2.02614384589 17.588093159 59.871075833 
240 38.3517730236 -83.8559646606 -81.4234390259 -43.8634414673 -43.1271496052 2 -17.774385226 -15.8115664753 1.58529124593 17.588093159 59.871075833 
241 38.5006649494 -81.6404418945 -79.2079162598 -41.6479187012 -40.8603411049 2 -17.774385226 -15.8115664753 1.58529124593 17.588093159 59.871075833 
242 38.665792942 -83.9533004761 -81.5207748413 -43.9607772827 -40.4890656031 2 -17.2052011277 -17.2122855744 2.36095450977 17.588105831 59.871067662 
243 38.8171160221 -86.8058624268 -84.373336792 -46.8133392334 -40.8600989082 2 -17.2052011277 -17.2122855744 2.36095450977 17.588105831 59.871067662 
244 38.975315094 -85.6922683716 -83.2597427368 -45.6997451782 -42.7859208077 2 -17.2052016589 -17.2122861058 2.16530446161 17.588105831 59.871067662 
245 39.1199729443 -86.1626739502 -83.7301483154 -46.1701507568 -43.7950482935 2 -17.2052016589 -17.2122861058 2.16530446161 17.588105831 59.871067662 
246 39.3130249977 -95.5958480835 -93.1633224487 -55.6033248901 -44.4045461566 2 -17.2052017298 -17.2122861768 2.13918985821 17.588105831 59.871067662 
247 39.4461460114 -102.7813797 -100.348854065 -62.7888565063 -46.141123632 2 -17.2052017298 -17.2122861768 2.13918985821 17.588105831 59.871067662 
248 39.6122450829 -104.691520691 -102.258995056 -64.6989974976 -55.4938317931 2 -16.4486744619 -18.3073219311 2.03235197436 17.588114917 59.871058548 
249 39.7609529495 -89.5026245117 -87.070098877 -49.5101013184 -49.5033239759 2 -16.4486744619 -18.3073219311 2.03235197436 17.588114917 59.871058548 
250 39.9511010647 -79.8363418579 -77.4038162231 -39.8438186646 -39.8186202373 2 -16.4486730116 -18.307320317 2.59107070741 17.588114917 59.871058548 
251 40.0804491043 -88.8051376343 -86.3726119995 -48.8126144409 -39.7844033534 2 -16.4486743467 -18.3073218029 2.07672401234 17.588114917 59.871058548 
252 40.2332310677 -82.3006668091 -79.8681411743 -42.3081436157 -39.2122777907 2 -16.4486743467 -18.3073218029 2.07672401234 17.588114917 59.871058548 
253 40.3892309666 -85.2315139771 -82.7989883423 -45.2389907837 -41.7228940609 2 -16.4486737715 -18.3073211627 2.29833260926 17.588114917 59.871058548 
254 40.5760519505 -83.3423538208 -80.909828186 -43.3498306274 -40.939345682 2 -15.6177557201 -19.3979990442 2.2983337514 17.588123763 59.871048793 
255 40.7263019085 -86.1585464478 -83.726020813 -46.1660232544 -42.2074024662 2 -15.6177554416 -19.3979986984 2.41130680473 17.588123763 59.871048793 
256 40.8826639652 -85.3781051636 -82.9455795288 -45.3855819702 -42.2427815554 2 -15.6177554416 -19.3979986984 2.41130680473 17.588123763 59.871048793 
257 41.034717083 -91.1721725464 -88.7396469116 -51.179649353 -44.1488304462 2 -15.6177558218 -19.3979991705 2.25707327659 17.588123763 59.871048793 
258 41.2168810368 -82.8525238037 -80.4199981689 -42.8600006104 -42.2338881126 2 -15.6177558218 -19.3979991705 2.25707327659 17.588123763 59.871048793 
259 41.3731360435 -86.7356643677 -84.3031387329 -46.7431411743 -42.4842141297 2 -15.6177565358 -19.3980000575 1.96734128594 17.588123763 59.871048793 
260 41.5230269432 -82.3117370605 -79.8792114258 -42.3192138672 -40.9141281025 2 -15.6177565358 -19.3980000575 1.96734128594 17.588123763 59.871048793 
261 41.6802611351 -85.4082107544 -82.9756851196 -45.415687561 -41.6345743138 2 -14.8403358269 -20.4694120386 2.45322347211 17.588132555 59.87103955 
262 41.8692960739 -85.580406189 -83.1478805542 -45.5878829956 -41.494137207 2 -14.840336029 -20.4694123173 2.36693748833 17.588132555 59.87103955 
263 42.022562027 -82.9746322632 -80.5421066284 -42.9821090698 -41.9248465973 2 -14.840336029 -20.4694123173 2.36693748833 17.588132555 59.87103955 
264 42.1825299263 -92.2739486694 -89.8414230347 -52.2814254761 -42.3874779524 2 -14.8403357472 -20.4694119286 2.4872796496 17.588132555 59.87103955 
265 42.3358831406 -82.1474914551 -79.7149658203 -42.1549682617 -41.012104209 2 -14.8403357472 -20.4694119286 2.4872796496 17.588132555 59.87103955 
266 42.5204610825 -87.2237930298 -84.791267395 -47.2312698364 -41.9362289964 2 -14.8403353478 -20.4694113777 2.65781301364 17.588132555 59.87103955 
267 42.6717169285 -86.4456787109 -84.0131530762 -46.4531555176 -41.6971594216 2 -13.9723293855 -21.4773243356 2.6578143757 17.588140466 59.871029659 
268 42.8245480061 -84.7768859863 -82.3443603516 -44.784362793 -43.5228172556 2 -13.9723288982 -21.4773235865 2.87883052416 17.588140466 59.871029659 
269 42.9786820412 -88.8282852173 -86.3957595825 -48.8357620239 -43.7388173232 2 -13.9723296347 -21.4773247187 2.54480491278 17.588140466 59.871029659 
270 43.1636009216 -86.6352081299 -84.2026824951 -46.6426849365 -43.791448905 2 -13.9723296346 -21.4773247186 2.54483384829 17.588140466 59.871029659 
271 43.3150880337 -86.0715179443 -83.6389923096 -46.078994751 -44.517758848 2 -13.9723304177 -21.4773259222 2.18969051032 17.588140466 59.871029659 
272 43.4670069218 -85.3854751587 -82.9529495239 -45.3929519653 -43.5923358134 2 -13.9723304177 -21.4773259222 2.18969051032 17.588140466 59.871029659 
273 43.6200559139 -84.2349319458 -81.802406311 -44.2424087524 -42.7178899046 2 -13.1361978015 -22.4737788651 2.11681936752 17.588148345 59.871020073 
274 43.8114159107 -86.0423431396 -83.6098175049 -46.0498199463 -42.7116513535 2 -13.1361978015 -22.4737788651 2.11681936752 17.588148345 59.871020073 
275 43.9624700546 -88.0285263062 -85.5960006714 -48.0360031128 -43.2091939757 2 -13.1361981542 -22.4737794684 1.94670426586 17.588148345 59.871020073 
276 44.1213800907 -90.3040237427 -87.8714981079 -50.3115005493 -45.11060338 2 -13.1361981542 -22.4737794684 1.94670426586 17.588148345 59.871020073 
277 44.281345129 -90.2725067139 -87.8399810791 -50.2799835205 -46.875509984 2 -13.1361972981 -22.4737780039 2.35964984973 17.588148345 59.871020073 
278 44.4616999626 -90.381401062 -87.9488754272 -50.3888778687 -47.9407006652 2 -13.1361972981 -22.4737780039 2.35964984973 17.588148345 59.871020073 
279 44.613186121 -87.4940490723 -85.0615234375 -47.5015258789 -46.5600732466 2 -12.3072032584 -23.5630662028 2.0176701613 17.588157182 59.871010338 
280 44.7618250847 -84.4735336304 -82.0410079956 -44.481010437 -43.8869480405 2 -12.3072032584 -23.5630662028 2.0176701613 17.588157182 59.871010338 
281 44.9191250801 -83.5691070557 -81.1365814209 -43.5765838623 -42.2721605984 2 -12.3072028881 -23.5630654938 2.20835148724 17.588157182 59.871010338 
282 45.1028721333 -85.0632095337 -82.6306838989 -45.0706863403 -41.902407612 2 -12.3072035271 -23.5630667174 1.8792986035 17.588157182 59.871010338 
283 45.2562010288 -86.5800476074 -84.1475219727 -46.5875244141 -42.3583228197 2 -12.3072035271 -23.5630667174 1.8792986035 17.588157182 59.871010338 
284 45.4106450081 -85.625793457 -83.1932678223 -45.6332702637 -43.2914395646 2 -12.3072044508 -23.5630684859 1.40369448949 17.588157182 59.871010338 
285 45.569920063 -85.7606658936 -83.3281402588 -45.7681427002 -43.5716656374 2 -11.5265558463 -24.4420819551 1.40369635174 17.588164019 59.871001505 
286 45.7533419132 -86.8510360718 -84.418510437 -46.8585128784 -43.6361409656 2 -11.5265552089 -24.4420806035 1.75409953979 17.588164019 59.871001505 
287 45.9018609524 -85.9194946289 -83.4869689941 -45.9269714355 -43.7485053495 2 -11.5265552089 -24.4420806035 1.75409953979 17.588164019 59.871001505 
288 46.0575969219 -85.1100234985 -82.6774978638 -45.1175003052 -43.4681157522 2 -11.5265555658 -24.4420813604 1.55786658715 17.588164019 59.871001505 
289 46.2099061012 -86.9378128052 -84.5052871704 -46.9452896118 -43.4860410506 2 -11.5265553946 -24.4420809973 1.6520154762 17.588164019 59.871001505 
290 46.4033560753 -91.6823196411 -89.2497940063 -51.6897964478 -44.2670095611 2 -11.5265553946 -24.4420809973 1.6520154762 17.588164019 59.871001505 
291 46.5599970818 -90.3167419434 -87.8842163086 -50.32421875 -46.3367472132 2 -10.7038223559 -24.9012868178 1.78515176558 17.588166498 59.87099326 
292 46.7124290466 -92.4925308228 -90.060005188 -52.5000076294 -48.9300600068 2 -10.7038223559 -24.9012868178 1.78515176558 17.588166498 59.87099326 
293 46.8670511246 -89.34400177 -86.9114761353 -49.3514785767 -47.9881987332 2 -10.7038223951 -24.9012869089 1.76195856224 17.588166498 59.87099326 
294 47.0524790287 -86.7246627808 -84.292137146 -46.7321395874 -46.0492786711 2 -10.7038223951 -24.9012869089 1.76195856224 17.588166498 59.87099326 
295 47.204982996 -86.9113769531 -84.4788513184 -46.9188537598 -45.0033840836 2 -10.7038222319 -24.9012865293 1.8585755912 17.588166498 59.87099326 
296 47.3641819954 -89.5710906982 -87.1385650635 -49.5785675049 -45.0326925848 2 -10.7038222319 -24.9012865293 1.8585755912 17.588166498 59.87099326 
297 47.5163009167 -88.1871109009 -85.7545852661 -48.1945877075 -45.5835584951 2 -10.0297248605 -24.9968011971 1.87429247662 17.588165689 59.870987144 
298 47.7040331364 -86.483039856 -84.0505142212 -46.4905166626 -45.3415457712 2 -10.0297250672 -24.9968017123 1.7436973349 17.588165689 59.870987144 
299 47.8489410877 -85.7012710571 -83.2687454224 -45.7087478638 -44.1863377658 2 -10.0297250672 -24.9968017123 1.7436973349 17.588165689 59.870987144 
300 48.0077009201 -84.9017562866 -82.4692306519 -44.9092330933 -43.2221774792 2 -10.0297251661 -24.9968019588 1.68120656907 17.588165689 59.870987144 
301 48.1625709534 -83.8345336914 -81.4020080566 -43.842010498 -42.2991584502 2 -10.0297251661 -24.9968019588 1.68120656907 17.588165689 59.870987144 
302 48.3523659706 -85.4913482666 -83.0588226318 -45.4988250732 -42.2537895449 2 -10.0297245132 -24.9968003315 2.09371836048 17.588165689 59.870987144 
303 48.5058391094 -85.8960113525 -83.4634857178 -45.9034881592 -42.5023242927 2 -10.0297245132 -24.9968003315 2.09371836048 17.588165689 59.870987144 
304 48.6660499573 -86.9964370728 -84.563911438 -47.0039138794 -43.6620514156 2 -9.65157113225 -24.9147522833 1.85132532064 17.588163863 59.870984022 
305 48.8151099682 -88.5956726074 -86.1631469727 -48.6031494141 -44.5201572827 2 -9.65157113225 -24.9147522833 1.85132532064 17.588163863 59.870984022 
306 49.0034549236 -87.7277755737 -85.295249939 -47.7352523804 -45.2988646313 2 -9.65157063103 -24.9147509895 2.18040197899 17.588163863 59.870984022 
307 49.1484251022 -87.9530944824 -85.5205688477 -47.9605712891 -45.6839208489 2 -9.65157063103 -24.9147509895 2.18040197899 17.588163863 59.870984022 
308 49.3083789349 -86.4579315186 -84.0254058838 -46.4654083252 -44.8965670211 2 -9.65157098439 -24.9147519016 1.94840344506 17.588163863 59.870984022 
309 49.4962389469 -86.6691741943 -84.2366485596 -46.676651001 -44.5556781017 2 -9.65157134246 -24.9147528259 1.71331241837 17.588163863 59.870984022 
310 49.6591451168 -87.4954376221 -85.0629119873 -47.5029144287 -44.4519919749 2 -9.48878175441 -24.8197366818 1.71331180073 17.588162473 59.870982814 
311 49.8102719784 -86.8027267456 -84.3702011108 -46.8102035522 -44.5819445965 2 -9.48878111301 -24.8197350041 2.1416483029 17.588162473 59.870982814 
312 49.9657130241 -87.3231124878 -84.890586853 -47.3305892944 -44.8085691211 2 -9.48878111301 -24.8197350041 2.1416483029 17.588162473 59.870982814 
313 50.1158349514 -87.7611160278 -85.3285903931 -47.7685928345 -44.8821090903 2 -9.48878158607 -24.8197362415 1.82573106894 17.588162473 59.870982814 
314 50.3034009933 -88.3606109619 -85.9280853271 -48.3680877686 -45.3958763596 2 -9.48878158607 -24.8197362415 1.82573106894 17.588162473 59.870982814 
315 50.4592289925 -87.2527923584 -84.8202667236 -47.260269165 -45.366750935 2 -9.4887806583 -24.8197338147 2.4453130575 17.588162473 59.870982814 
316 50.6123399734 -88.2838287354 -85.8513031006 -48.291305542 -45.5261606978 2 -9.30191359516 -24.6423224187 2.44531208763 17.588160186 59.870981583 
317 50.7742741108 -87.7050170898 -85.2724914551 -47.7124938965 -45.328664933 2 -9.30191417834 -24.6423239636 2.04802592694 17.588160186 59.870981583 
318 50.9335329533 -86.8709793091 -84.4384536743 -46.8784561157 -45.1635982917 2 -9.30191417834 -24.6423239636 2.04802592694 17.588160186 59.870981583 
319 51.0871019363 -86.5035247803 -84.0709991455 -46.5110015869 -44.5924914476 2 -9.30191465728 -24.6423252324 1.72175921546 17.588160186 59.870981583 
320 51.2356479168 -85.3890380859 -82.9565124512 -45.3965148926 -43.7813628561 2 -9.30191465728 -24.6423252324 1.72175921546 17.588160186 59.870981583 
321 51.3877470493 -85.6562423706 -83.2237167358 -45.6637191772 -43.4218318847 2 -9.30191441918 -24.6423246016 1.88395763895 17.588160186 59.870981583 
322 51.5798139572 -86.6491928101 -84.2166671753 -46.6566696167 -43.4560663763 2 -9.30191432283 -24.6423243464 1.94959836479 17.588160186 59.870981583 
323 51.7290570736 -86.5530548096 -84.1205291748 -46.5605316162 -43.8601151027 2 -9.11668759396 -24.531798698 1.94959766709 17.58815858 59.870980214 
324 51.8849670887 -86.3354034424 -83.9028778076 -46.342880249 -44.1304205219 2 -9.11668765343 -24.531798858 1.90826778887 17.58815858 59.870980214 
325 52.0390429497 -86.0839080811 -83.6513824463 -46.0913848877 -43.9375177579 2 -9.11668765343 -24.531798858 1.90826778887 17.58815858 59.870980214 
326 52.2273609638 -86.2687301636 -83.8362045288 -46.2762069702 -43.8485912187 2 -9.11668711528 -24.53179741 2.28231873851 17.58815858 59.870980214 
327 52.3784759045 -88.0399703979 -85.6074447632 -48.0474472046 -44.2595947896 2 -9.11668750235 -24.5317984515 2.01327847328 17.58815858 59.870980214 
328 52.5334191322 -88.1675796509 -85.7350540161 -48.1750564575 -44.9293125054 2 -8.94121053544 -24.3805809867 2.01327763911 17.588156588 59.870979023 
329 52.6874759197 -88.8563308716 -86.4238052368 -48.8638076782 -45.9480274199 2 -8.94121053544 -24.3805809867 2.01327763911 17.588156588 59.870979023 
330 52.8744409084 -89.570930481 -87.1384048462 -49.5784072876 -46.4120248624 2 -8.94121053544 -24.3805809867 2.01327763911 17.588156588 59.870979023 
331 53.0257151127 -88.28150177 -85.8489761353 -48.2889785767 -46.4618713362 2 -8.94121069687 -24.3805814269 1.89886608451 17.588156588 59.870979023 
332 53.183134079 -87.7694473267 -85.3369216919 -47.7769241333 -46.0391532789 2 -8.94121069687 -24.3805814269 1.89886608451 17.588156588 59.870979023 
333 53.3400199413 -87.1517028809 -84.7191772461 -47.1591796875 -45.3068444188 2 -8.94121062644 -24.3805812348 1.94878487608 17.588156588 59.870979023 
334 53.5238659382 -87.2613372803 -84.8288116455 -47.2688140869 -44.9998137907 2 -8.94121062644 -24.3805812348 1.94878487608 17.588154713 59.870977689 
335 53.6766970158 -87.1745529175 -84.7420272827 -47.1820297241 -44.8172235383 2 -8.753248009 -24.2441798198 1.69535846875 17.588154713 59.870977689 
336 53.8317220211 -87.3310699463 -84.8985443115 -47.3385467529 -44.8765789397 2 -8.753248009 -24.2441798198 1.69535846875 17.588154713 59.870977689 
337 53.9986269474 -87.9568786621 -85.5243530273 -47.9643554688 -45.083950365 2 -8.75324798376 -24.2441797499 1.71362784563 17.588154713 59.870977689 
338 54.1784710884 -77.4838638306 -75.0513381958 -37.4913406372 -37.4509564908 2 -8.7532473116 -24.2441778882 2.20022917588 17.588154713 59.870977689 
339 54.3312189579 -74.4649124146 -72.0323867798 -34.4723892212 -33.9860877393 2 -8.7532473116 -24.2441778882 2.20022917588 17.588154713 59.870977689 
340 54.4900801182 -72.3593215942 -69.9267959595 -32.3667984009 -31.5248446577 2 -8.75324725724 -24.2441777377 2.2395813146 17.588154713 59.870977689 
341 54.6353700161 -72.243812561 -69.8112869263 -32.2512893677 -30.4353330263 2 -8.5681474243 -24.0573115095 2.23960071535 17.588152335 59.870976495 
342 54.8202159405 -71.8524093628 -69.419883728 -31.8598861694 -29.7626957642 2 -8.56814798279 -24.0573130776 1.82655669466 17.588152335 59.870976495 
343 54.969438076 -71.8221130371 -69.3895874023 -31.8295898438 -29.5863378089 2 -8.56814798279 -24.0573130776 1.82655669466 17.588152335 59.870976495 
344 55.1260449886 -71.9915313721 -69.5590057373 -31.9990081787 -29.5093110797 2 -8.56814730089 -24.057311163 2.33087130912 17.588152335 59.870976495 
345 55.2831540108 -72.3197021484 -69.8871765137 -32.3271789551 -29.6566203601 2 -8.56814730089 -24.057311163 2.33087130912 17.588152335 59.870976495 
346 55.4698889256 -72.3355941772 -69.9030685425 -32.3430709839 -29.8315944659 2 -8.5681479222 -24.0573129075 1.87137063816 17.588152335 59.870976495 
347 55.6202590466 -72.3468475342 -69.9143218994 -32.3543243408 -29.9558899226 2 -8.36541752863 -23.8918401013 1.77477314223 17.588150127 59.870975098 
348 55.7772879601 -72.0973358154 -69.6648101807 -32.1048126221 -29.8787113246 2 -8.36541752863 -23.8918401013 1.77477314223 17.588150127 59.870975098 
349 55.9653730392 -71.823059082 -69.3905334473 -31.8305358887 -29.7004075806 2 -8.3654173627 -23.8918396274 1.90046279155 17.588150127 59.870975098 
350 56.1234910488 -72.2146224976 -69.7820968628 -32.2220993042 -29.6606120491 2 -8.3654173627 -23.8918396274 1.90046279155 17.588150127 59.870975098 
351 56.2736039162 -71.9304885864 -69.4979629517 -31.9379653931 -29.6050595829 2 -8.36541728643 -23.8918394096 1.95823865162 17.588150127 59.870975098 
352 56.4260599613 -71.8036193848 -69.37109375 -31.8110961914 -29.5980637426 2 -8.36541728643 -23.8918394096 1.95823865162 17.588150127 59.870975098 
353 56.5829241276 -71.9571456909 -69.5246200562 -31.9646224976 -29.517915575 2 -8.21553998208 -23.7889142765 2.17811946182 17.588148691 59.870974021 
354 56.7664859295 -71.9753112793 -69.5427856445 -31.9827880859 -29.5325196147 2 -8.21554076459 -23.7889165423 1.5745603822 17.588148691 59.870974021 
355 56.9150340557 -72.1406478882 -69.7081222534 -32.1481246948 -29.6446833289 2 -8.21554076459 -23.7889165423 1.5745603822 17.588148691 59.870974021 
356 57.0727310181 -72.034576416 -69.6020507812 -32.0420532227 -29.6709758376 2 -8.21554030051 -23.7889151985 1.93251121218 17.588148691 59.870974021 
357 57.2271459103 -71.9878463745 -69.5553207397 -31.9953231812 -29.6752904687 2 -8.21554030051 -23.7889151985 1.93251121218 17.588148691 59.870974021 
358 57.3898670673 -72.0656051636 -69.6330795288 -32.0730819702 -29.6509777185 2 -8.21554011117 -23.7889146502 2.07855528012 17.588148691 59.870974021 
359 57.5353929996 -71.9125366211 -69.4800109863 -31.9200134277 -29.6096342794 2 -8.04835526422 -23.6515513506 2.07855455127 17.588146861 59.870972871 
360 57.6991949081 -71.7457046509 -69.3131790161 -31.7531814575 -29.5258872538 2 -8.04835561867 -23.6515523922 1.7994862121 17.588146861 59.870972871 
361 57.8466789722 -71.3973464966 -68.9648208618 -31.4048233032 -29.2963325131 2 -8.04835561867 -23.6515523922 1.7994862121 17.588146861 59.870972871 
362 58.0437269211 -71.4993515015 -69.0668258667 -31.5068283081 -29.164467747 2 -8.0483552567 -23.6515513285 2.08447538001 17.588146861 59.870972871 
363 58.1912300587 -71.1627502441 -68.7302246094 -31.1702270508 -28.97040598 2 -8.0483552567 -23.6515513285 2.08447538001 17.588146861 59.870972871 
364 58.3435180187 -71.0538787842 -68.6213531494 -31.0613555908 -28.8523884148 2 -8.04835544521 -23.6515518825 1.93605812606 17.588146861 59.870972871 
365 58.4999110699 -71.030921936 -68.5983963013 -31.0383987427 -28.7036304219 2 -8.04835544521 -23.6515518825 1.93605812606 17.588146861 59.870972871 
366 58.686383009 -71.4194793701 -68.9869537354 -31.4269561768 -28.782813069 2 -7.74507865637 -23.5397303115 2.19741154484 17.588144931 59.870970472 
367 58.8374230862 -70.8111038208 -68.378578186 -30.8185806274 -28.6946766099 2 -7.74507896315 -23.5397312439 1.94640672177 17.588144931 59.870970472 
368 58.9897589684 -70.6882247925 -68.2556991577 -30.6957015991 -28.5720551371 2 -7.74507896315 -23.5397312439 1.94640672177 17.588144931 59.870970472 
369 59.1462340355 -70.630355835 -68.1978302002 -30.6378326416 -28.3304638944 2 -7.74507855101 -23.5397299912 2.28360963176 17.588144931 59.870970472 
370 59.3281199932 -71.1286849976 -68.6961593628 -31.1361618042 -28.4264986328 2 -7.74507855101 -23.5397299912 2.28360963176 17.588144931 59.870970472 
371 59.4803271294 -71.0190887451 -68.5865631104 -31.0265655518 -28.5372032997 2 -7.74507907836 -23.539731594 1.85214904596 17.588144931 59.870970472 
372 59.6401879787 -71.2623214722 -68.8297958374 -31.2697982788 -28.7562958918 2 -7.62657975498 -23.3215910643 1.85214809536 17.588142412 59.870969932 
373 59.799366951 -71.5594711304 -69.1269454956 -31.566947937 -28.8909813778 2 -7.62658012877 -23.3215922073 1.54157714463 17.588142412 59.870969932 
374 59.9614560604 -72.5589447021 -70.1264190674 -32.5664215088 -29.3484760318 2 -7.62658012877 -23.3215922073 1.54157714463 17.588142412 59.870969932 
