Nr Etime Raw dBm dBmW/m2 sum:dBmW/m2 loop X Y Z 
1 0 -72.2512588501 -69.8187332153 -32.2587356567 -29.9324107215 2 -7.40612974706 -22.8079563973 1.84911936267 17.588136635 59.870969173 
2 0.0360209941864 -72.1865997314 -69.7540740967 -32.1940765381 -29.9332163536 2 -7.40612974706 -22.8079563973 1.84911936267 17.588136635 59.870969173 
3 0.0920600891113 -72.1425476074 -69.7100219727 -32.1500244141 -29.8148810315 2 -7.36013877254 -22.7550870144 1.84911911838 17.588135979 59.870968891 
4 0.298495054245 -72.077835083 -69.6453094482 -32.0853118896 -29.757071204 2 -7.36013862015 -22.7550865433 1.98031785247 17.588135979 59.870968891 
5 0.458611011505 -72.1224212646 -69.6898956299 -32.1298980713 -29.7359698618 2 -7.3601393826 -22.7550889005 1.32388057667 17.588135979 59.870968891 
6 0.61277794838 -71.916229248 -69.4837036133 -31.9237060547 -29.6588785702 2 -7.3601393826 -22.7550889005 1.32388057667 17.588135979 59.870968891 
7 0.773172140121 -71.9610824585 -69.5285568237 -31.9685592651 -29.6199908055 2 -7.3601390876 -22.7550879885 1.57786377282 17.588135979 59.870968891 
8 0.955066919327 -72.4859466553 -70.0534210205 -32.4934234619 -29.7280008184 2 -7.3601390876 -22.7550879885 1.57786377282 17.588135979 59.870968891 
9 1.10482811928 -71.9819488525 -69.5494232178 -31.9894256592 -29.7516798677 2 -7.41117678647 -22.7931010106 1.82935423998 17.588136498 59.870969251 
10 1.264950037 -71.7750854492 -69.3425598145 -31.7825622559 -29.682821222 2 -7.41117678647 -22.7931010106 1.82935423998 17.588136498 59.870969251 
11 1.42137098312 -71.5867004395 -69.1541748047 -31.5941772461 -29.397128487 2 -7.41117630016 -22.7930995149 2.24516605804 17.588136498 59.870969251 
12 1.60265398026 -72.0846557617 -69.652130127 -32.0921325684 -29.4277458763 2 -7.41117658503 -22.7931003911 2.00158448023 17.588136498 59.870969251 
13 1.75829100609 -72.5807113647 -70.14818573 -32.5881881714 -29.6681337251 2 -7.41117658503 -22.7931003911 2.00158448023 17.588136498 59.870969251 
14 1.91242313385 -72.4286499023 -69.9961242676 -32.436126709 -29.9765032737 2 -7.41117631869 -22.7930995719 2.22932063842 17.588136498 59.870969251 
15 2.06309008598 -72.6961212158 -70.2635955811 -32.7035980225 -30.1875952045 2 -7.65238098487 -22.7766674717 2.2293208666 17.588136967 59.870971399 
16 2.25244498253 -73.552772522 -71.1202468872 -33.5602493286 -30.4638580452 2 -7.65238088706 -22.7766671806 2.31030936501 17.588136967 59.870971399 
17 2.39278197289 -74.0213317871 -71.5888061523 -34.0288085938 -30.9745610106 2 -7.65238088706 -22.7766671806 2.31030936501 17.588136967 59.870971399 
18 2.54775595665 -73.8164367676 -71.3839111328 -33.8239135742 -31.4102183367 2 -7.65238122176 -22.7766681768 2.03315037872 17.588136967 59.870971399 
19 2.69998908043 -74.7198791504 -72.2873535156 -34.727355957 -31.7745824407 2 -7.65238122176 -22.7766681768 2.03315037872 17.588136967 59.870971399 
20 2.88740801811 -75.0852813721 -72.6527557373 -35.0927581787 -32.0949585742 2 -7.65238098126 -22.776667461 2.23230763913 17.588136967 59.870971399 
21 3.03523302078 -75.2216415405 -72.7891159058 -35.2291183472 -32.6203185605 2 -7.65238098126 -22.776667461 2.23230763913 17.588136967 59.870971399 
22 3.19315505028 -74.7736587524 -72.3411331177 -34.7811355591 -32.640542421 2 -8.04698397458 -22.479815197 2.32359741736 17.588135003 59.870975528 
23 3.35087800026 -73.9196014404 -71.4870758057 -33.9270782471 -32.1915549522 2 -8.04698397458 -22.479815197 2.32359741736 17.588135003 59.870975528 
24 3.50626802444 -74.2796325684 -71.8471069336 -34.287109375 -31.9183216767 2 -8.04698414306 -22.4798156677 2.19091896352 17.588135003 59.870975528 
25 3.65783596039 -73.762550354 -71.3300247192 -33.7700271606 -31.598513994 2 -8.04698414306 -22.4798156677 2.19091896352 17.588135003 59.870975528 
26 3.81298995018 -72.4773330688 -70.0448074341 -32.4848098755 -30.9912554489 2 -8.04698309013 -22.4798127262 3.02007942303 17.588135003 59.870975528 
27 3.97003912926 -72.7164077759 -70.2838821411 -32.7238845825 -30.5398294941 2 -8.04698377738 -22.4798146461 2.4788886924 17.588135003 59.870975528 
28 4.15338206291 -74.7266464233 -72.2941207886 -34.73412323 -30.7232488578 2 -8.83482715363 -22.3308681567 2.47888921571 17.588135571 59.870982761 
29 4.30180191994 -75.5629501343 -73.1304244995 -35.5704269409 -31.6157482887 2 -8.83482675605 -22.3308671517 2.76405981521 17.588135571 59.870982761 
30 4.46647810936 -77.9005737305 -75.4680480957 -37.9080505371 -33.326439932 2 -8.83482675605 -22.3308671517 2.76405981521 17.588135571 59.870982761 
31 4.62056398392 -78.7238922119 -76.2913665771 -38.7313690186 -34.5853680934 2 -8.83482618725 -22.330865714 3.17202956727 17.588135571 59.870982761 
32 4.77990007401 -78.0367279053 -75.6042022705 -38.0442047119 -35.813508284 2 -8.83482618725 -22.330865714 3.17202956727 17.588135571 59.870982761 
33 4.91223096848 -77.6391906738 -75.2066650391 -37.6466674805 -35.7101389986 2 -8.8348265696 -22.3308666805 2.89778597621 17.588135571 59.870982761 
34 5.07446908951 -76.0210800171 -73.5885543823 -36.0285568237 -34.6694608913 2 -8.8348265696 -22.3308666805 2.89778597621 17.588134997 59.870992159 
35 5.22929596901 -76.3112869263 -73.8787612915 -36.3187637329 -34.173628563 2 -9.82687263778 -22.0158833156 2.73541766159 17.588134997 59.870992159 
36 5.413615942 -80.8436355591 -78.4111099243 -40.8511123657 -34.5414886538 2 -9.82687199221 -22.0158818693 3.15170542515 17.588134997 59.870992159 
37 5.56257414818 -85.1422729492 -82.7097473145 -45.1497497559 -36.0320257029 2 -9.82687199221 -22.0158818693 3.15170542515 17.588134997 59.870992159 
38 5.72081208229 -88.2913360596 -85.8588104248 -48.2988128662 -40.5092205387 2 -9.82687190269 -22.0158816687 3.20943194057 17.588134997 59.870992159 
39 5.87514996529 -90.7145385742 -88.2820129395 -50.7220153809 -44.5611452538 2 -9.82687190269 -22.0158816687 3.20943194057 17.588134997 59.870992159 
40 6.03409910202 -91.5751342773 -89.1426086426 -51.582611084 -47.3499210943 2 -10.7143545509 -21.534975814 3.31414640956 17.588132469 59.87100102 
41 6.19296193123 -96.7741546631 -94.3416290283 -56.7816314697 -49.5265456219 2 -10.7143545509 -21.534975814 3.31414640956 17.588132469 59.87100102 
42 6.36354112625 -91.6668395996 -89.2343139648 -51.6743164062 -50.0239585987 2 -10.7143557538 -21.5349782319 2.6026682204 17.588132469 59.87100102 
43 6.52293610573 -91.9821014404 -89.5495758057 -51.9895782471 -50.2129898333 2 -10.7143557538 -21.5349782319 2.6026682204 17.588132469 59.87100102 
44 6.71564602852 -88.711730957 -86.2792053223 -48.7192077637 -47.8705162531 2 -10.7143552226 -21.5349771641 2.91687505062 17.588132469 59.87100102 
45 6.84789204597 -84.1296615601 -81.6971359253 -44.1371383667 -43.8372238419 2 -10.7143552226 -21.5349771641 2.91687505062 17.588132469 59.87100102 
46 7.00643110275 -81.2228393555 -78.7903137207 -41.2303161621 -40.6706671086 2 -10.7143549656 -21.5349766476 3.06883300902 17.588132469 59.87100102 
47 7.1570661068 -75.0122833252 -72.5797576904 -35.0197601318 -34.8682192981 2 -11.5161342555 -20.6537242319 3.06883148116 17.588125665 59.871010043 
48 7.34568595886 -79.9553222656 -77.5227966309 -39.9627990723 -34.6976147074 2 -11.5161345694 -20.6537247947 2.89614884117 17.588125665 59.871010043 
49 7.49313902855 -77.9098968506 -75.4773712158 -37.9173736572 -34.3425481431 2 -11.5161354294 -20.653726337 2.42294043741 17.588125665 59.871010043 
50 7.64967012405 -82.6727523804 -80.2402267456 -42.680229187 -37.0348841485 2 -11.5161354294 -20.653726337 2.42294043741 17.588125665 59.871010043 
51 7.79747009277 -81.5905914307 -79.1580657959 -41.5980682373 -37.3557990429 2 -11.5161349631 -20.6537255008 2.67949938724 17.588125665 59.871010043 
52 7.98710894585 -85.8008270264 -83.3683013916 -45.808303833 -40.3811485 2 -11.5161349631 -20.6537255008 2.67949938724 17.588125665 59.871010043 
53 8.12435293198 -83.3303451538 -80.897819519 -43.3378219604 -40.5874521433 2 -12.2293066191 -19.5822341782 2.53586409971 17.588116703 59.871018724 
54 8.28496694565 -80.1237335205 -77.6912078857 -40.1312103271 -39.5588190477 2 -12.2293066191 -19.5822341782 2.53586409971 17.588116703 59.871018724 
55 8.43984413147 -87.1618804932 -84.7293548584 -47.1693572998 -39.6164571827 2 -12.2293076837 -19.5822358829 1.98423727809 17.588116703 59.871018724 
56 8.619754076 -80.9081573486 -78.4756317139 -40.9156341553 -38.9335507406 2 -12.2293076837 -19.5822358829 1.98423727809 17.588116703 59.871018724 
57 8.75357699394 -89.8138885498 -87.381362915 -49.8213653564 -40.7632631516 2 -12.2293077999 -19.582236069 1.92401321612 17.588116703 59.871018724 
58 8.90370512009 -79.0819091797 -76.6493835449 -39.0893859863 -38.2999731777 2 -12.2293077999 -19.582236069 1.92401321612 17.588116703 59.871018724 
59 9.06398701668 -88.1621704102 -85.7296447754 -48.1696472168 -39.0412557087 2 -12.7656510289 -18.4140439712 2.17271893185 17.588106297 59.871026078 
60 9.24769592285 -77.5337142944 -75.1011886597 -37.5411911011 -36.6641058798 2 -12.7656505072 -18.4140432187 2.43169696922 17.588106297 59.871026078 
61 9.40563011169 -83.9545898438 -81.522064209 -43.9620666504 -37.4157566907 2 -12.7656505072 -18.4140432187 2.43169696922 17.588106297 59.871026078 
62 9.5582010746 -75.0932846069 -72.6607589722 -35.1007614136 -34.4621327718 2 -12.7656511027 -18.4140440777 2.13608150364 17.588106297 59.871026078 
63 9.71512198448 -77.1519088745 -74.7193832397 -37.1593856812 -34.3633114527 2 -12.7656511027 -18.4140440777 2.13608150364 17.588106297 59.871026078 
64 9.90580701828 -74.5025863647 -72.07006073 -34.5100631714 -32.9438420825 2 -12.7656506492 -18.4140434235 2.36120563777 17.588106297 59.871026078 
65 10.0856399536 -76.0955657959 -73.6630401611 -36.1030426025 -33.2635905759 2 -13.4713674984 -17.3301594617 2.36120404224 17.58809719 59.871034722 
66 10.245912075 -73.3961410522 -70.9636154175 -33.4036178589 -32.0221669142 2 -13.4713671871 -17.3301590612 2.50764762068 17.58809719 59.871034722 
67 10.4018981457 -81.9092178345 -79.4766921997 -41.9166946411 -32.8200605862 2 -13.4713670256 -17.3301588534 2.5836006923 17.58809719 59.871034722 
68 10.5537581444 -67.551651001 -65.1191253662 -27.5591278076 -27.4139867295 2 -13.4713670256 -17.3301588534 2.5836006923 17.58809719 59.871034722 
69 10.7162640095 -78.4889831543 -76.0564575195 -38.4964599609 -27.5421728934 2 -13.4713670864 -17.3301589317 2.55499133584 17.58809719 59.871034722 
70 10.878289938 -71.1767272949 -68.7442016602 -31.1842041016 -27.1725561262 2 -13.4713670864 -17.3301589317 2.55499133584 17.58809719 59.871034722 
71 11.0377781391 -70.1643295288 -67.731803894 -30.1718063354 -29.0857084995 2 -13.4713655012 -17.3301568925 3.3006411811 17.58809719 59.871034722 
72 11.1858370304 -72.4080734253 -69.9755477905 -32.4155502319 -28.6849712183 2 -14.1845364884 -16.2586648454 3.30063989636 17.588088228 59.871043403 
73 11.375180006 -73.8332901001 -71.4007644653 -33.8407669067 -29.2336007602 2 -14.1845393862 -16.2586681669 2.00607699651 17.588088228 59.871043403 
74 11.5331001282 -72.6110229492 -70.1784973145 -32.6184997559 -30.4879467979 2 -14.1845393862 -16.2586681669 2.00607699651 17.588088228 59.871043403 
75 11.6872479916 -71.3097610474 -68.8772354126 -31.317237854 -29.9672912122 2 -14.1845411076 -16.25867014 1.23707244578 17.588088228 59.871043403 
76 11.8448181152 -72.3976364136 -69.9651107788 -32.4051132202 -29.6498452402 2 -14.1845403231 -16.2586692407 1.58754055818 17.588088228 59.871043403 
77 12.0305690765 -72.9839019775 -70.5513763428 -32.9913787842 -29.7389629244 2 -14.1845403231 -16.2586692407 1.58754055818 17.588088228 59.871043403 
78 12.1870000362 -72.4586410522 -70.0261154175 -32.4661178589 -30.2197803753 2 -14.6973976776 -15.4761520216 1.78642569572 17.588081662 59.871049673 
79 12.3373939991 -72.3277664185 -69.8952407837 -32.3352432251 -30.1939787442 2 -14.6973976776 -15.4761520216 1.78642569572 17.588081662 59.871049673 
80 12.4934411049 -72.3198852539 -69.8873596191 -32.3273620605 -29.9897088592 2 -14.6973966095 -15.4761508969 2.24694311188 17.588081662 59.871049673 
81 12.6840751171 -72.3495254517 -69.9169998169 -32.3570022583 -29.9542267639 2 -14.6973966095 -15.4761508969 2.24694311188 17.588081662 59.871049673 
82 12.8383090496 -72.2934341431 -69.8609085083 -32.3009109497 -29.9426979758 2 -14.6973981687 -15.4761525387 1.57472036824 17.588081662 59.871049673 
83 12.9810371399 -72.148109436 -69.7155838013 -32.1555862427 -29.8838913733 2 -14.6973981687 -15.4761525387 1.57472036824 17.588081662 59.871049673 
84 13.1448020935 -71.7051925659 -69.2726669312 -31.7126693726 -29.6561010093 2 -15.0795092979 -14.4982536597 1.81302000478 17.588072775 59.871055244 
85 13.3032569885 -71.2384567261 -68.8059310913 -31.2459335327 -29.2874189244 2 -15.0795092979 -14.4982536597 1.81302000478 17.588072775 59.871055244 
86 13.4642620087 -70.1261444092 -67.6936187744 -30.1336212158 -28.5407761288 2 -15.0795095964 -14.4982539468 1.68755310323 17.588072775 59.871055244 
87 13.6132330894 -69.7991027832 -67.3665771484 -29.8065795898 -27.9277435539 2 -15.0795093226 -14.4982536835 1.80263243462 17.588072775 59.871055244 
88 13.7632679939 -70.1692810059 -67.7367553711 -30.1767578125 -27.6469877465 2 -15.0795093226 -14.4982536835 1.80263243462 17.588072775 59.871055244 
89 13.955217123 -70.3044967651 -67.8719711304 -30.3119735718 -27.7021630634 2 -15.0795094029 -14.4982537607 1.76889283782 17.588072775 59.871055244 
90 14.1123631001 -69.646156311 -67.2136306763 -29.6536331177 -27.6428573539 2 -15.5735258274 -13.6143842184 1.76889207101 17.588065134 59.87106158 
91 14.2593710423 -69.6293182373 -67.1967926025 -29.6367950439 -27.4599305939 2 -15.573526451 -13.6143847635 1.51517724833 17.588065134 59.87106158 
92 14.4150891304 -69.524848938 -67.0923233032 -29.5323257446 -27.221311874 2 -15.573526451 -13.6143847635 1.51517724833 17.588065134 59.87106158 
93 14.5998871326 -69.4401931763 -67.0076675415 -29.4476699829 -27.1519486052 2 -15.5735267082 -13.6143849883 1.4105252864 17.588065134 59.87106158 
94 14.7547540665 -68.8937072754 -66.4611816406 -28.901184082 -26.8896358821 2 -15.5735267082 -13.6143849883 1.4105252864 17.588065134 59.87106158 
95 14.9132239819 -69.0926971436 -66.6601715088 -29.1001739502 -26.7524714994 2 -15.5735249845 -13.6143834815 2.11185367526 17.588065134 59.87106158 
96 15.065472126 -69.3917999268 -66.959274292 -29.3992767334 -26.7383726797 2 -16.1542533052 -12.3980648628 2.10398944677 17.588054358 59.871069432 
97 15.2466471195 -69.111946106 -66.6794204712 -29.1194229126 -26.8164478154 2 -16.1542533052 -12.3980648628 2.10398944677 17.588054358 59.871069432 
98 15.4038710594 -69.1363525391 -66.7038269043 -29.1438293457 -26.8315990743 2 -16.1542532649 -12.3980648319 2.11981210253 17.588054358 59.871069432 
99 15.5564701557 -68.9459228516 -66.5133972168 -28.9533996582 -26.6849489431 2 -16.1542532649 -12.3980648319 2.11981210253 17.588054358 59.871069432 
100 15.7123711109 -68.7137680054 -66.2812423706 -28.721244812 -26.5469931186 2 -16.1542518506 -12.3980637464 2.67459346998 17.588054358 59.871069432 
101 15.866920948 -69.0658798218 -66.633354187 -29.0733566284 -26.5254373881 2 -16.1542518506 -12.3980637464 2.67459346998 17.588054358 59.871069432 
102 16.0165920258 -68.5237579346 -66.0912322998 -28.5312347412 -26.3782115106 2 -16.1542529444 -12.3980645859 2.2455264837 17.588054358 59.871069432 
103 16.1763739586 -68.5269699097 -66.0944442749 -28.5344467163 -26.3128937412 2 -16.5209284551 -11.2629695856 2.24552530923 17.58804384 59.871075226 
104 16.3214371204 -69.0453567505 -66.6128311157 -29.0528335571 -26.3071177573 2 -16.5209279439 -11.2629692371 2.44161235256 17.58804384 59.871075226 
105 16.5093550682 -68.9102401733 -66.4777145386 -28.91771698 -26.438115842 2 -16.5209279439 -11.2629692371 2.44161235256 17.58804384 59.871075226 
106 16.6713910103 -68.3296051025 -65.8970794678 -28.3370819092 -26.3608233479 2 -16.5209302499 -11.2629708092 1.55710768553 17.58804384 59.871075226 
107 16.8308119774 -68.0778808594 -65.6453552246 -28.085357666 -26.0338835859 2 -16.5209291784 -11.2629700786 1.9681272429 17.58804384 59.871075226 
108 17.0200359821 -68.0969696045 -65.6644439697 -28.1044464111 -25.787044991 2 -16.5209291784 -11.2629700786 1.9681272429 17.58804384 59.871075226 
109 17.2037689686 -67.4419403076 -65.0094146729 -27.4494171143 -25.4721553751 2 -16.6984034312 -9.95729921056 1.54164932592 17.588031098 59.871079753 
110 17.3564660549 -68.019241333 -65.5867156982 -28.0267181396 -25.4543869437 2 -16.6984034312 -9.95729921056 1.54164932592 17.588031098 59.871079753 
111 17.5121939182 -69.0906524658 -66.6581268311 -29.0981292725 -25.7034556506 2 -16.6984027 -9.95729877458 1.81910226018 17.588031098 59.871079753 
112 17.6622271538 -68.3125305176 -65.8800048828 -28.3200073242 -26.0507813743 2 -16.6984027 -9.95729877458 1.81910226018 17.588031098 59.871079753 
113 17.850053072 -67.8241958618 -65.3916702271 -27.8316726685 -25.9701487424 2 -16.6984037965 -9.95729942841 1.40300905882 17.588031098 59.871079753 
114 17.9966630936 -67.7546768188 -65.3221511841 -27.7621536255 -25.5718662422 2 -16.6984038091 -9.95729943591 1.39823635481 17.588031098 59.871079753 
115 18.1547820568 -67.4732208252 -65.0406951904 -27.4806976318 -25.300529359 2 -16.6887471463 -8.63915661488 1.3982343953 17.588017737 59.871082671 
116 18.3094120026 -67.7164611816 -65.2839355469 -27.7239379883 -25.2663688491 2 -16.6887457889 -8.63915591221 1.91363892921 17.588017737 59.871082671 
117 18.4931399822 -68.0145721436 -65.5820465088 -28.0220489502 -25.345398518 2 -16.6887457889 -8.63915591221 1.91363892921 17.588017737 59.871082671 
118 18.647288084 -66.7945404053 -64.3620147705 -26.8020172119 -25.0661350351 2 -16.6887448108 -8.63915540588 2.28503232899 17.588017737 59.871082671 
119 18.8045270443 -69.2587280273 -66.8262023926 -29.266204834 -25.417822193 2 -16.6887448108 -8.63915540588 2.28503232899 17.588017737 59.871082671 
120 18.9662950039 -69.2952957153 -66.8627700806 -29.302772522 -25.7309726343 2 -16.6887473538 -8.6391567223 1.31944170575 17.588017737 59.871082671 
121 19.1433529854 -66.2863082886 -63.8537788391 -26.2937774658 -25.4067461221 2 -16.7286192478 -7.29220665824 1.31944011844 17.588004215 59.871086088 
122 19.2984750271 -66.2835693359 -63.8510398865 -26.2910461426 -24.5315055831 2 -16.7286171897 -7.29220576111 2.09902957451 17.588004215 59.871086088 
123 19.4496409893 -66.4429626465 -64.0104370117 -26.4504394531 -23.9582138174 2 -16.7286171897 -7.29220576111 2.09902957451 17.588004215 59.871086088 
124 19.6090199947 -67.4326477051 -65.0001220703 -27.4401245117 -24.2854919171 2 -16.7286193028 -7.29220668222 1.29860020561 17.588004215 59.871086088 
125 19.797524929 -66.936050415 -64.5035247803 -26.9435272217 -24.5216732858 2 -16.728619068 -7.29220657987 1.38753826314 17.588004215 59.871086088 
126 19.959733963 -65.9224700928 -63.4899406433 -25.9299468994 -24.2922660864 2 -16.728619068 -7.29220657987 1.38753826314 17.588004215 59.871086088 
127 20.1193561554 -65.8821182251 -63.4495887756 -25.8895874023 -23.8171752132 2 -16.7099868695 -5.79383465183 1.56283078468 17.587989007 59.871089338 
128 20.2704789639 -65.9524078369 -63.5198783875 -25.9598846436 -23.5406755268 2 -16.7099868695 -5.79383465183 1.56283078468 17.587989007 59.871089338 
129 20.4550769329 -66.3695831299 -63.9370536804 -26.3770599365 -23.6794871677 2 -16.7099866276 -5.79383456795 1.65456215763 17.587989007 59.871089338 
130 20.6105840206 -65.5640869141 -63.1315574646 -25.5715637207 -23.5591120486 2 -16.7099866276 -5.79383456795 1.65456215763 17.587989007 59.871089338 
131 20.7593829632 -65.2576522827 -62.8251228333 -25.26512146 -23.303713024 2 -16.7099869659 -5.79383468525 1.52626919631 17.587989007 59.871089338 
132 20.917222023 -65.4736175537 -63.0410881042 -25.4810943604 -23.0498159169 2 -16.7099868072 -5.79383463022 1.58646247581 17.587989007 59.871089338 
133 21.100235939 -66.0100097656 -63.5774803162 -26.0174865723 -23.1798382874 2 -16.7099868072 -5.79383463022 1.58646247581 17.587989007 59.871089338 
134 21.2420630455 -65.864151001 -63.4316215515 -25.8716278076 -23.3924702472 2 -16.7518070284 -4.26954503604 1.58397077948 17.587973696 59.871093176 
135 21.3900151253 -65.3398132324 -62.907283783 -25.3472900391 -23.3403540864 2 -16.7518070284 -4.26954503604 1.58397077948 17.587973696 59.871093176 
136 21.5480270386 -65.3343658447 -62.9018363953 -25.3418426514 -23.1208363892 2 -16.7518059094 -4.26954475085 2.00724388918 17.587973696 59.871093176 
137 21.7303049564 -65.3306045532 -62.8980751038 -25.3380737305 -22.9567925714 2 -16.7518059094 -4.26954475085 2.00724388918 17.587973696 59.871093176 
138 21.8861291409 -65.0941848755 -62.661655426 -25.1016540527 -22.8719764505 2 -16.7518063927 -4.26954487403 1.82442964301 17.587973696 59.871093176 
139 22.041079998 -65.0245361328 -62.5920066833 -25.0320129395 -22.7677362109 2 -16.7518063927 -4.26954487403 1.82442964301 17.587957824 59.871096165 
140 22.23756814 -65.3771209717 -62.9445915222 -25.3845977783 -22.7818739152 2 -16.6892391322 -2.71697822926 1.40291541533 17.587957824 59.871096165 
141 22.3885989189 -65.9881973267 -63.5556678772 -25.9956665039 -23.0495056251 2 -16.6892391322 -2.71697822926 1.40291541533 17.587957824 59.871096165 
142 22.5498290062 -65.0990219116 -62.6664924622 -25.1064910889 -23.0790895588 2 -16.6892384354 -2.71697811582 1.66748776357 17.587957824 59.871096165 
143 22.7016699314 -64.8925857544 -62.4600563049 -24.9000549316 -22.899014518 2 -16.6892384354 -2.71697811582 1.66748776357 17.587957824 59.871096165 
144 22.8546960354 -64.688873291 -62.2563438416 -24.6963500977 -22.5089096323 2 -16.6892383044 -2.71697809449 1.71724098198 17.587957824 59.871096165 
145 23.011922121 -64.7916412354 -62.3591117859 -24.799118042 -22.4113089874 2 -16.6892395728 -2.71697830099 1.23561427302 17.587957824 59.871096165 
146 23.1628830433 -64.9748153687 -62.5422859192 -24.9822845459 -22.4371113654 2 -16.4046489337 -1.1759489713 1.23561305676 17.587941484 59.871097185 
147 23.3155870438 -65.5647201538 -63.1321907043 -25.5721893311 -22.7079661789 2 -16.4046492865 -1.17594899659 1.09933744292 17.587941484 59.871097185 
148 23.4704511166 -65.8485107422 -63.4159812927 -25.8559875488 -23.053488688 2 -16.4046492865 -1.17594899659 1.09933744292 17.587941484 59.871097185 
149 23.6576390266 -65.1275024414 -62.6949729919 -25.134979248 -23.1150095429 2 -16.4046483445 -1.17594892907 1.46319200828 17.587941484 59.871097185 
150 23.8141520023 -64.8166275024 -62.384098053 -24.8240966797 -22.8445234513 2 -16.4046483445 -1.17594892907 1.46319200828 17.587941484 59.871097185 
151 23.9616379738 -65.108581543 -62.6760520935 -25.1160583496 -22.634707362 2 -16.4046479716 -1.17594890233 1.60725050151 17.587941484 59.871097185 
152 24.1234259605 -65.258682251 -62.8261528015 -25.2661590576 -22.6753345779 2 -16.0603183506 0.474270582488 1.80079213388 17.587923882 59.871097931 
153 24.3058121204 -66.0039901733 -63.5714607239 -26.0114593506 -23.0451161279 2 -16.0603183506 0.474270582488 1.80079213388 17.587923882 59.871097931 
154 24.470705986 -67.7233428955 -65.2908172607 -27.7308197021 -23.7277207137 2 -16.0603198822 0.474270627718 1.19646801044 17.587923882 59.871097931 
155 24.6203110218 -68.7549057007 -66.3223800659 -28.7623825073 -24.8152754831 2 -16.0603198822 0.474270627718 1.19646801044 17.587923882 59.871097931 
156 24.7710940838 -69.0927429199 -66.6602172852 -29.1002197266 -26.0644824567 2 -16.0603195443 0.474270617739 1.3297901729 17.587923882 59.871097931 
157 24.9643311501 -68.2852783203 -65.8527526855 -28.292755127 -26.3074254523 2 -16.0603195443 0.474270617739 1.3297901729 17.587923882 59.871097931 
158 25.1121809483 -66.8977813721 -64.4652557373 -26.9052581787 -25.5209286424 2 -15.8666740592 1.71862083104 1.34302123576 17.587910783 59.871099071 
159 25.2702679634 -66.3784484863 -63.9459190369 -26.385925293 -24.6710027318 2 -15.8666740592 1.71862083104 1.34302123576 17.587910783 59.871099071 
160 25.4278240204 -66.2709350586 -63.8384056091 -26.2784118652 -24.1208284675 2 -15.8666743282 1.71862086019 1.23556998562 17.587910783 59.871099071 
161 25.6035449505 -66.8523025513 -64.4197769165 -26.8597793579 -24.108116661 2 -15.8666743282 1.71862086019 1.23556998562 17.587910783 59.871099071 
162 25.7613129616 -66.2008895874 -63.7683601379 -26.2083587646 -24.0442499286 2 -15.8666739155 1.71862081548 1.40042204964 17.587910783 59.871099071 
163 25.91497612 -66.2494812012 -63.8169517517 -26.2569580078 -24.0365577261 2 -15.8666739155 1.71862081548 1.40042204964 17.587910783 59.871099071 
164 26.0753741264 -66.005241394 -63.5727119446 -26.0127105713 -23.7711461313 2 -15.5345670359 3.3916921105 1.27750162232 17.587892982 59.871099976 
165 26.2614750862 -65.746383667 -63.3138542175 -25.7538604736 -23.6125206694 2 -15.5345684091 3.39169241032 0.717335396389 17.587892982 59.871099976 
166 26.410145998 -65.8381958008 -63.4056663513 -25.8456726074 -23.4825133693 2 -15.5345684091 3.39169241032 0.717335396389 17.587892982 59.871099976 
167 26.5630590916 -65.992729187 -63.5601997375 -26.0001983643 -23.4786035628 2 -15.5345664842 3.39169199005 1.5025468296 17.587892982 59.871099976 
168 26.7189221382 -66.0253982544 -63.5928688049 -26.0328674316 -23.5724267524 2 -15.5345664842 3.39169199005 1.5025468296 17.587892982 59.871099976 
169 26.8694889545 -66.7280197144 -64.2954940796 -26.735496521 -23.845131018 2 -15.5345688002 3.39169249572 0.557792208765 17.587892982 59.871099976 
170 27.0266339779 -66.8976287842 -64.4651031494 -26.9051055908 -24.1383772723 2 -15.5345688002 3.39169249572 0.557792208765 17.587892982 59.871099976 
171 27.1792011261 -66.3966751099 -63.9641456604 -26.4041442871 -24.2859038172 2 -15.1341571772 5.35962699386 1.4187675264 17.587872018 59.871100955 
172 27.3323309422 -65.7445297241 -63.3120002747 -25.7519989014 -23.9165430795 2 -15.1341596771 5.35962787917 0.372037641527 17.587872018 59.871100955 
173 27.5191190243 -66.2244796753 -63.7919502258 -26.2319488525 -23.7258864903 2 -15.1341596771 5.35962787917 0.372037641527 17.587872018 59.871100955 
174 27.6787290573 -65.8609924316 -63.4284629822 -25.8684692383 -23.555751579 2 -15.1341575523 5.35962712667 1.26173537203 17.587872018 59.871100955 
175 27.8271980286 -66.1815109253 -63.7489814758 -26.1889801025 -23.7047076439 2 -15.1341575523 5.35962712667 1.26173537203 17.587872018 59.871100955 
176 27.9841151237 -66.2299804688 -63.7974510193 -26.2374572754 -23.7064263442 2 -15.1341581207 5.35962732796 1.02374673424 17.587872018 59.871100955 
177 28.1721920967 -66.8720855713 -64.4395599365 -26.8795623779 -24.0277364204 2 -14.6768380884 7.12692035175 1.02374739977 17.587852934 59.871100979 
178 28.3289909363 -67.2612686157 -64.828742981 -27.2687454224 -24.3674371806 2 -14.6768378336 7.126920228 1.13377605357 17.587852934 59.871100979 
179 28.480932951 -66.2785720825 -63.8460426331 -26.2860412598 -24.3878394463 2 -14.6768378336 7.126920228 1.13377605357 17.587852934 59.871100979 
180 28.6388940811 -66.1987686157 -63.7662391663 -26.206237793 -24.1506910646 2 -14.6768374152 7.12692002485 1.31440291949 17.587852934 59.871100979 
181 28.8242800236 -66.6844482422 -64.2519226074 -26.6919250488 -23.9989424805 2 -14.6768374152 7.12692002485 1.31440291949 17.587852934 59.871100979 
182 28.9782180786 -67.0386047363 -64.6060791016 -27.046081543 -24.2350008689 2 -14.6768372759 7.1269199572 1.37455615517 17.587852934 59.871100979 
183 29.1326551437 -66.4617614746 -64.0292358398 -26.4692382812 -24.3372981533 2 -14.1630972328 8.82031788881 1.37455711641 17.587834449 59.871100341 
184 29.2845430374 -66.5636749268 -64.131149292 -26.5711517334 -24.2957058428 2 -14.1630978703 8.82031828586 1.08930586555 17.587834449 59.871100341 
185 29.4770951271 -67.517364502 -65.0848388672 -27.5248413086 -24.4202846372 2 -14.1630967593 8.82031759391 1.58642167579 17.587834449 59.871100341 
186 29.6246550083 -65.9817123413 -63.5491828918 -25.9891815186 -24.2206327447 2 -14.1630967593 8.82031759392 1.58641626939 17.587834449 59.871100341 
187 29.774531126 -65.9131546021 -63.4806251526 -25.9206237793 -23.9777888956 2 -14.1630971334 8.82031782692 1.41902643953 17.587834449 59.871100341 
188 29.9256739616 -66.06640625 -63.6338768005 -26.0738830566 -23.6080529858 2 -14.1630971334 8.82031782692 1.41902643953 17.587834449 59.871100341 
189 30.0812680721 -66.0734710693 -63.6409416199 -26.080947876 -23.6382756138 2 -13.4608321725 10.5943221165 1.59681314979 17.587814652 59.871098237 
190 30.2350239754 -65.5896453857 -63.1571159363 -25.5971221924 -23.519633132 2 -13.4608321725 10.5943221165 1.59681314979 17.587814652 59.871098237 
191 30.3897390366 -65.7606582642 -63.3281288147 -25.7681274414 -23.4206585501 2 -13.4608336958 10.5943233154 0.87969490036 17.587814652 59.871098237 
192 30.5452759266 -65.4722137451 -63.0396842957 -25.4796905518 -23.2261585783 2 -13.4608336958 10.5943233154 0.87969490036 17.587814652 59.871098237 
193 30.7303111553 -65.9378356934 -63.5053062439 -25.9453125 -23.3368966179 2 -13.4608332727 10.5943229825 1.07886459514 17.587814652 59.871098237 
194 30.8893990517 -65.1475296021 -62.7150001526 -25.1549987793 -23.1171606467 2 -13.4608332727 10.5943229825 1.07886459514 17.587814652 59.871098237 
195 31.0424981117 -65.1061630249 -62.6736335754 -25.1136322021 -22.9868243233 2 -13.4608335458 10.5943231974 0.950291052649 17.587814652 59.871098237 
196 31.1952850819 -64.9406738281 -62.5081443787 -24.9481506348 -22.6848006116 2 -12.7259546222 12.1740105076 0.950292372818 17.587796735 59.871095405 
197 31.3551239967 -65.3133544922 -62.8808250427 -25.3208312988 -22.7365996808 2 -12.725954255 12.1740101563 1.13315625846 17.587796735 59.871095405 
198 31.5145189762 -65.0015335083 -62.5690040588 -25.0090026855 -22.701020991 2 -12.7259538663 12.1740097845 1.32669687122 17.587796735 59.871095405 
199 31.6673281193 -65.0832672119 -62.6507377625 -25.0907440186 -22.7506164879 2 -12.7259538663 12.1740097845 1.32669687122 17.587796735 59.871095405 
200 31.8220999241 -64.9332122803 -62.5006828308 -24.9406890869 -22.6270068909 2 -12.7259530257 12.1740089803 1.7452947039 17.587796735 59.871095405 
201 32.0142359734 -65.2649230957 -62.8323936462 -25.2723999023 -22.7114482648 2 -12.7259530257 12.1740089803 1.7452947039 17.587796735 59.871095405 
202 32.1684961319 -64.9786300659 -62.5461006165 -24.9860992432 -22.6759010702 2 -11.9292789648 13.7987951592 1.01806107926 17.587778199 59.871092135 
203 32.319067955 -65.1018600464 -62.6693305969 -25.1093292236 -22.7338479783 2 -11.9292789648 13.7987951592 1.01806107926 17.587778199 59.871092135 
204 32.4775810242 -65.5932846069 -63.1607551575 -25.6007537842 -22.8306431342 2 -11.9292784426 13.7987945551 1.29546849168 17.587778199 59.871092135 
205 32.6709060669 -66.1585388184 -63.7260093689 -26.166015625 -23.1972890804 2 -11.9292781573 13.7987942251 1.44703019922 17.587778199 59.871092135 
206 32.830862999 -66.1517410278 -63.7192115784 -26.1592102051 -23.5731336345 2 -11.9292781573 13.7987942251 1.44703019922 17.587778199 59.871092135 
207 32.9831881523 -66.344078064 -63.9115486145 -26.3515472412 -23.8381744308 2 -11.9292777976 13.798793809 1.63812023516 17.587778199 59.871092135 
208 33.1433551311 -65.8867416382 -63.4542121887 -25.8942108154 -23.7412519414 2 -11.1570086912 15.5225488329 1.63812281603 17.587758726 59.871089304 
209 33.3217401505 -65.6121902466 -63.1796607971 -25.6196594238 -23.5488836286 2 -11.1570097146 15.5225502568 1.05682060291 17.587758726 59.871089304 
210 33.4800310135 -65.4523468018 -63.0198173523 -25.4598236084 -23.2649514178 2 -11.1570097146 15.5225502568 1.05682060291 17.587758726 59.871089304 
211 33.6283500195 -65.7981414795 -63.36561203 -25.8056182861 -23.2381748943 2 -11.1570090098 15.5225492762 1.4571527102 17.587758726 59.871089304 
212 33.7831430435 -65.6643218994 -63.23179245 -25.6717987061 -23.2554488139 2 -11.1570096502 15.5225501672 1.09342137356 17.587758726 59.871089304 
213 33.9695689678 -66.2239074707 -63.7913780212 -26.2313842773 -23.504499831 2 -11.1570096502 15.5225501672 1.09342137356 17.587758726 59.871089304 
214 34.1292331219 -65.8696289062 -63.4370994568 -25.8771057129 -23.5290088223 2 -10.261291518 17.2872139639 1.39159286718 17.587738514 59.871085486 
215 34.28282094 -65.0132369995 -62.58070755 -25.0207061768 -23.2629704902 2 -10.261291518 17.2872139639 1.39159286718 17.587738514 59.871085486 
216 34.4416511059 -65.2656326294 -62.8331031799 -25.2731018066 -22.9758098059 2 -10.2612911496 17.2872133432 1.61912701069 17.587738514 59.871085486 
217 34.6287801266 -65.546295166 -63.1137657166 -25.5537719727 -22.886042398 2 -10.2612911496 17.2872133432 1.61912701069 17.587738514 59.871085486 
218 34.7784569263 -66.1494064331 -63.7168769836 -26.1568756104 -23.2451746982 2 -10.261291853 17.2872145282 1.18474625926 17.587738514 59.871085486 
219 34.9291961193 -67.3841247559 -64.9515991211 -27.3916015625 -23.8550531619 2 -10.261291853 17.2872145282 1.18474625926 17.587738514 59.871085486 
220 35.0874080658 -67.0806884766 -64.6481628418 -27.0881652832 -24.4275063017 2 -9.39121868163 18.5547460719 1.07726189556 17.587723399 59.87108076 
221 35.2677409649 -67.6767120361 -65.2441864014 -27.6841888428 -24.9887545008 2 -9.39121868163 18.5547460719 1.07726189556 17.587723399 59.87108076 
222 35.4227650166 -67.3509521484 -64.9184265137 -27.3584289551 -24.9777282317 2 -9.39121885574 18.5547464159 0.959779988487 17.587723399 59.87108076 
223 35.5764141083 -67.100982666 -64.6684570312 -27.1084594727 -24.9853845833 2 -9.39121885574 18.5547464159 0.959779988487 17.587723399 59.87108076 
224 35.7370381355 -67.1238708496 -64.6913452148 -27.1313476562 -24.8109101966 2 -9.39121861193 18.5547459342 1.12429559453 17.587723399 59.87108076 
225 35.9207429886 -67.6702728271 -65.2377471924 -27.6777496338 -24.9047821467 2 -9.39121921684 18.5547471293 0.716124172424 17.587723399 59.87108076 
226 36.0768949986 -67.9150848389 -65.4825592041 -27.9225616455 -25.1659557771 2 -8.37460568007 19.7587277086 0.716126386722 17.587708541 59.871074607 
227 36.2579779625 -67.4284057617 -64.995880127 -27.4358825684 -25.2840467364 2 -8.3746049196 19.7587259143 1.29155162941 17.587708541 59.871074607 
228 36.409965992 -67.3594360352 -64.9269104004 -27.3669128418 -25.1758092888 2 -8.3746049196 19.7587259143 1.29155162941 17.587708541 59.871074607 
229 36.5986430645 -67.9415817261 -65.5090560913 -27.9490585327 -25.1832556108 2 -8.37460500241 19.7587261097 1.22889060242 17.587708541 59.871074607 
230 36.7499330044 -67.2731552124 -64.8406295776 -27.280632019 -25.1269588427 2 -8.37460445973 19.7587248293 1.63951813505 17.587708541 59.871074607 
231 36.9012031555 -67.2443161011 -64.8117904663 -27.2517929077 -25.0852198467 2 -8.37460445973 19.7587248293 1.63951813505 17.587708541 59.871074607 
232 37.0628221035 -67.1648635864 -64.7323379517 -27.1723403931 -24.8488310079 2 -7.31319783268 20.7958603897 1.16548741547 17.587695253 59.871067682 
233 37.2187449932 -67.7311325073 -65.2986068726 -27.738609314 -24.9879307617 2 -7.31319783268 20.7958603897 1.16548741547 17.587695253 59.871067682 
234 37.3807411194 -67.526008606 -65.0934829712 -27.5334854126 -25.0831277054 2 -7.3131976664 20.7958599168 1.30956616763 17.587695253 59.871067682 
235 37.5317790508 -67.5546112061 -65.1220855713 -27.5620880127 -25.2239110373 2 -7.3131976664 20.7958599168 1.30956616763 17.587695253 59.871067682 
236 37.6941950321 -67.6342468262 -65.2017211914 -27.6417236328 -25.193011575 2 -7.31319772974 20.795860097 1.25467808947 17.587695253 59.871067682 
237 37.8732719421 -66.9649276733 -64.5324020386 -26.97240448 -24.9853689148 2 -7.31319772974 20.795860097 1.25467808947 17.587695253 59.871067682 
238 38.0259730816 -66.5060195923 -64.0734939575 -26.5134963989 -24.6085708338 2 -7.31319792907 20.7958606638 1.08196087422 17.587695253 59.871067682 
239 38.176566124 -66.231086731 -63.7985572815 -26.2385559082 -24.168451464 2 -6.30199200722 21.8223404963 1.08196323952 17.587682205 59.871061172 
240 38.3349349499 -66.2924346924 -63.8599052429 -26.299911499 -23.9618848065 2 -6.30199124533 21.8223378581 1.84806387081 17.587682205 59.871061172 
241 38.5151410103 -66.6007843018 -64.168258667 -26.6082611084 -23.9907092923 2 -6.30199124533 21.8223378581 1.84806387081 17.587682205 59.871061172 
242 38.6660790443 -66.8592224121 -64.4266967773 -26.8666992188 -24.1936280007 2 -6.30199148199 21.8223386776 1.61009902546 17.587682205 59.871061172 
243 38.8231649399 -67.1196212769 -64.6870956421 -27.1270980835 -24.4714296742 2 -6.30199191633 21.8223401816 1.17335119157 17.587682205 59.871061172 
244 38.9801239967 -67.0563659668 -64.623840332 -27.0638427734 -24.6307505531 2 -6.30199191633 21.8223401816 1.17335119157 17.587682205 59.871061172 
245 39.140376091 -67.5362701416 -65.1037445068 -27.5437469482 -24.8490906946 2 -5.22173091934 22.8857996297 1.46355019352 17.587668601 59.871054142 
246 39.2927830219 -67.4231185913 -64.9905929565 -27.4305953979 -24.9506389162 2 -5.22173091934 22.8857996297 1.46355019352 17.587668601 59.871054142 
247 39.4496939182 -67.8337402344 -65.4012145996 -27.841217041 -25.2127697058 2 -5.22173062197 22.8857983264 1.82442837164 17.587668601 59.871054142 
248 39.5991859436 -68.3678665161 -65.9353408813 -28.3753433228 -25.4627870095 2 -5.22173062197 22.8857983264 1.82442837164 17.587668601 59.871054142 
249 39.7914400101 -68.8081588745 -66.3756332397 -28.8156356812 -25.9218021749 2 -5.22173086586 22.8857993953 1.52845786048 17.587668601 59.871054142 
250 39.9379329681 -68.3212509155 -65.8887252808 -28.3287277222 -26.110149924 2 -5.22173086586 22.8857993953 1.52845786048 17.587668601 59.871054142 
251 40.0934419632 -68.26146698 -65.8289413452 -28.2689437866 -26.072063496 2 -4.07667242351 23.792526267 1.67490013285 17.587656412 59.871046188 
252 40.2427649498 -68.1355895996 -65.7030639648 -28.1430664062 -25.8599212502 2 -4.07667242351 23.792526267 1.67490013285 17.587656412 59.871046188 
253 40.4046730995 -68.3785858154 -65.9460601807 -28.3860626221 -25.8781500677 2 -4.07667273649 23.7925280936 1.18840468671 17.587656412 59.871046188 
254 40.5572650433 -68.7052078247 -66.2726821899 -28.7126846313 -26.0158878032 2 -4.07667286601 23.7925288495 0.987072480738 17.587656412 59.871046188 
255 40.7085630894 -69.1902236938 -66.7576980591 -29.1977005005 -26.3546531304 2 -4.07667286601 23.7925288495 0.987072480738 17.587656412 59.871046188 
256 40.8649940491 -69.0946273804 -66.6621017456 -29.102104187 -26.6082419726 2 -4.0766727683 23.7925282793 1.13895728642 17.587656412 59.871046188 
257 41.051281929 -69.2762680054 -66.8437423706 -29.283744812 -26.807642151 2 -4.0766727683 23.7925282793 1.13895728642 17.587656412 59.871046188 
258 41.2067029476 -69.1093292236 -66.6768035889 -29.1168060303 -26.7803966795 2 -3.2178430948 24.3750269346 1.94183357856 17.587648257 59.87104 
259 41.3670680523 -68.3920822144 -65.9595565796 -28.399559021 -26.5128205209 2 -3.2178430948 24.3750269346 1.94183357856 17.587648257 59.87104 
260 41.5416240692 -68.1324462891 -65.6999206543 -28.1399230957 -26.128603249 2 -3.21784333934 24.3750287869 1.46027881022 17.587648257 59.87104 
261 41.686661005 -68.6692199707 -66.2366943359 -28.6766967773 -26.0087543794 2 -3.21784333934 24.3750287869 1.46027881022 17.587648257 59.87104 
262 41.8408679962 -68.6883544922 -66.2558288574 -28.6958312988 -26.1028601506 2 -3.21784326234 24.3750282037 1.61190407954 17.587648257 59.87104 
263 42.00989604 -68.3998641968 -65.967338562 -28.4073410034 -26.2036342554 2 -3.21784326234 24.3750282037 1.61190407954 17.587648257 59.87104 
264 42.1685659885 -68.0871276855 -65.6546020508 -28.0946044922 -25.9997695029 2 -2.22663475139 24.8799746952 1.01279749551 17.587640538 59.871032477 
265 42.3246369362 -68.7386016846 -66.3060760498 -28.7460784912 -26.0141682097 2 -2.2266345804 24.8799727846 1.49943256197 17.587640538 59.871032477 
266 42.4800040722 -68.5230636597 -66.0905380249 -28.5305404663 -26.0543215521 2 -2.2266345804 24.8799727846 1.49943256197 17.587640538 59.871032477 
267 42.632158041 -67.9896697998 -65.557144165 -27.9971466064 -26.0157136569 2 -2.22663465834 24.8799736555 1.27759992791 17.587640538 59.871032477 
268 42.8464860916 -68.0863418579 -65.6538162231 -28.0938186646 -25.8094532712 2 -2.22663465834 24.8799736555 1.27759992791 17.587640538 59.871032477 
269 43.0148870945 -68.76197052 -66.3294448853 -28.7694473267 -25.8750500752 2 -2.22663470795 24.8799742098 1.13643610151 17.587640538 59.871032477 
270 43.1680910587 -69.0237426758 -66.591217041 -29.0312194824 -26.2090882764 2 -1.16303508813 25.0931645067 1.13643665737 17.58763558 59.871023656 
271 43.3232419491 -69.4660720825 -67.0335464478 -29.4735488892 -26.6866598215 2 -1.16303503432 25.0931633459 1.42958820359 17.58763558 59.871023656 
272 43.4764170647 -69.8497848511 -67.4172592163 -29.8572616577 -27.0421359144 2 -1.16303517796 25.0931664449 0.647001177815 17.58763558 59.871023656 
273 43.6593029499 -70.3100738525 -67.8775482178 -30.3175506592 -27.4700138278 2 -1.16303517796 25.0931664449 0.647001177815 17.58763558 59.871023656 
274 43.8161799908 -70.0918884277 -67.659362793 -30.0993652344 -27.697641001 2 -1.16303506656 25.0931640413 1.25396754134 17.58763558 59.871023656 
275 43.97209692 -70.4115447998 -67.979019165 -30.4190216064 -27.8889113631 2 -1.16303506656 25.0931640413 1.25396754134 17.58763558 59.871023656 
276 44.0934801102 -71.4444885254 -69.0119628906 -31.451965332 -28.1987576015 2 -0.202475291746 25.2455029591 1.28511639813 17.587631509 59.871015598 
277 44.3111979961 -72.692565918 -70.2600402832 -32.7000427246 -28.9453264138 2 -0.202475291746 25.2455029591 1.28511639813 17.587631509 59.871015598 
278 44.4632821083 -72.1626358032 -69.7301101685 -32.1701126099 -29.6611043299 2 -0.202475284383 25.245502041 1.51556598125 17.587631509 59.871015598 
279 44.6129200459 -71.868637085 -69.4361114502 -31.8761138916 -29.8369311693 2 -0.202475284383 25.245502041 1.51556598125 17.587631509 59.871015598 
280 44.7694540024 -71.8727798462 -69.4402542114 -31.8802566528 -29.5855939865 2 -0.202475285141 25.2455021356 1.49182925808 17.587631509 59.871015598 
281 44.9523489475 -71.2739562988 -68.8414306641 -31.2814331055 -29.2749244491 2 -0.202475285141 25.2455021356 1.49182925808 17.587631509 59.871015598 
282 45.1072540283 -70.487663269 -68.0551376343 -30.4951400757 -28.7588523916 2 0.852398848326 25.5595127722 1.13318626973 17.587625554 59.871007083 
283 45.2560720444 -70.6458740234 -68.2133483887 -30.6533508301 -28.3987127969 2 0.852398848326 25.5595127722 1.13318626973 17.587625554 59.871007083 
284 45.4126520157 -70.57396698 -68.1414413452 -30.5814437866 -28.1900744328 2 0.852398845479 25.5595126868 1.15434563688 17.587625554 59.871007083 
285 45.6001980305 -70.6061935425 -68.1736679077 -30.6136703491 -28.2303496922 2 0.852398825428 25.5595120856 1.30341055116 17.587625554 59.871007083 
286 45.749557972 -70.7564163208 -68.323890686 -30.7638931274 -28.2659518461 2 0.852398825428 25.5595120856 1.30341055116 17.587625554 59.871007083 
287 45.9034891129 -70.9693832397 -68.536857605 -30.9768600464 -28.3941163587 2 0.852398863071 25.5595132143 1.0235714873 17.587625554 59.871007083 
288 46.0593719482 -71.1162872314 -68.6837615967 -31.1237640381 -28.5641847932 2 1.93461932633 25.8495011054 1.02357290201 17.58761977 59.870998274 
289 46.2430839539 -69.92237854 -67.4898529053 -29.9298553467 -28.2231749359 2 1.93461919058 25.8494992917 1.46819653906 17.58761977 59.870998274 
290 46.3966691494 -69.722946167 -67.2904205322 -29.7304229736 -27.7946590843 2 1.93461913634 25.8494985669 1.64587138626 17.58761977 59.870998274 
291 46.5564720631 -70.3427886963 -67.9102630615 -30.3502655029 -27.6028116413 2 1.93461913634 25.8494985669 1.64587138626 17.58761977 59.870998274 
292 46.7026441097 -70.4779281616 -68.0454025269 -30.4854049683 -27.7775128626 2 1.93461929196 25.8495006462 1.13615051484 17.58761977 59.870998274 
293 46.8952579498 -71.4930419922 -69.0605163574 -31.5005187988 -28.3360040192 2 1.93461929196 25.8495006462 1.13615051484 17.58761977 59.870998274 
294 47.0563559532 -71.708984375 -69.2764587402 -31.7164611816 -28.7793706789 2 1.93461932698 25.8495011142 1.02142710924 17.58761977 59.870998274 
295 47.2057199478 -72.2093200684 -69.7767944336 -32.216796875 -29.4053973934 2 2.85020259794 25.8712127758 1.02142754436 17.587617139 59.870990312 
296 47.3726320267 -72.3669128418 -69.934387207 -32.3743896484 -29.6984447289 2 2.85020234282 25.87121046 1.58863702808 17.587617139 59.870990312 
297 47.5488419533 -72.3070220947 -69.87449646 -32.3144989014 -29.9153148435 2 2.85020234282 25.87121046 1.58863702808 17.587617139 59.870990312 
298 47.7033679485 -72.6677017212 -70.2351760864 -32.6751785278 -30.0634393617 2 2.85020252397 25.8712121043 1.18588964726 17.587617139 59.870990312 
299 47.8648591042 -73.0008468628 -70.568321228 -33.0083236694 -30.2619106648 2 2.85020252397 25.8712121043 1.18588964726 17.587617139 59.870990312 
300 48.0196659565 -72.9254379272 -70.4929122925 -32.9329147339 -30.4817932155 2 2.8502024334 25.8712112821 1.38726622848 17.587617139 59.870990312 
301 48.1784660816 -72.9548187256 -70.5222930908 -32.9622955322 -30.5820168816 2 3.73159774712 25.4828234742 1.15192054389 17.587618747 59.870981715 
302 48.3304409981 -73.0434341431 -70.6109085083 -33.0509109497 -30.5958573278 2 3.73159774712 25.4828234742 1.15192054389 17.587618747 59.870981715 
303 48.4881770611 -73.0681381226 -70.6356124878 -33.0756149292 -30.6434535119 2 3.73159771148 25.4828232309 1.21243123637 17.587618747 59.870981715 
304 48.6351060867 -72.8549423218 -70.422416687 -32.8624191284 -30.6086012852 2 3.73159771148 25.4828232309 1.21243123637 17.587618747 59.870981715 
305 48.8233411312 -72.7181930542 -70.2856674194 -32.7256698608 -30.4975506444 2 3.73159772543 25.4828233261 1.18875134098 17.587618747 59.870981715 
306 48.9806690216 -72.2386398315 -69.8061141968 -32.2461166382 -30.2093772792 2 3.73159772543 25.4828233261 1.18875134098 17.587618747 59.870981715 
307 49.1302671432 -72.0303726196 -69.5978469849 -32.0378494263 -29.9322527429 2 4.23143810755 25.14463636 1.2253393604 17.587620852 59.870976571 
308 49.2863800526 -71.9922332764 -69.5597076416 -31.999710083 -29.7062817495 2 4.23143810755 25.14463636 1.2253393604 17.587620852 59.870976571 
309 49.4747869968 -72.5208587646 -70.0883331299 -32.5283355713 -29.7900447577 2 4.23143797479 25.1446355711 1.42415081138 17.587620852 59.870976571 
310 49.6278269291 -72.1708068848 -69.73828125 -32.1782836914 -29.8388897166 2 4.23143797479 25.1446355711 1.42415081138 17.587620852 59.870976571 
311 49.7808160782 -72.1550979614 -69.7225723267 -32.1625747681 -29.8976852668 2 4.23143824534 25.1446371788 1.01899116503 17.587620852 59.870976571 
312 49.9360070229 -71.9198226929 -69.4872970581 -31.9272994995 -29.7007093866 2 4.2314382734 25.1446373455 0.976972735189 17.587620852 59.870976571 
313 50.1257350445 -71.9706039429 -69.5380783081 -31.9780807495 -29.6347140203 2 4.46297409836 24.6696132748 0.976971026165 17.587625048 59.870973463 
314 50.2800700665 -72.0519332886 -69.6194076538 -32.0594100952 -29.6019770596 2 4.46297376852 24.6696114516 1.44529660493 17.587625048 59.870973463 
315 50.4297881126 -71.9458999634 -69.5133743286 -31.95337677 -29.6108789535 2 4.46297376851 24.6696114515 1.44531138398 17.587625048 59.870973463 
316 50.5808780193 -72.1533355713 -69.7208099365 -32.1608123779 -29.6706082745 2 4.46297416473 24.6696136417 0.882731765055 17.587625048 59.870973463 
317 50.7732400894 -72.8858795166 -70.4533538818 -32.8933563232 -29.914269867 2 4.46297416473 24.6696136417 0.882731765055 17.587625048 59.870973463 
318 50.9276311398 -72.8165969849 -70.3840713501 -32.8240737915 -30.2145773563 2 4.46297396028 24.6696125116 1.17302596659 17.587625048 59.870973463 
319 51.0852560997 -72.7177886963 -70.2852630615 -32.7252655029 -30.42752783 2 4.46297396028 24.6696125116 1.17302596659 17.587626604 59.870974818 
320 51.234513998 -72.8137969971 -70.3812713623 -32.8212738037 -30.4041098973 2 4.28045022999 24.5633272626 0.896061491916 17.587626604 59.870974818 
321 51.4198179245 -73.1667022705 -70.7341766357 -33.1741790771 -30.5128768466 2 4.28045003032 24.5633261168 1.19165522223 17.587626604 59.870974818 
322 51.5741961002 -72.930557251 -70.4980316162 -32.9380340576 -30.5873068982 2 4.28045003032 24.5633261168 1.19165522223 17.587626604 59.870974818 
323 51.724916935 -72.7498321533 -70.3173065186 -32.75730896 -30.5642261423 2 4.28045005867 24.5633262795 1.1496809696 17.587626604 59.870974818 
324 51.8794281483 -73.2196121216 -70.7870864868 -33.2270889282 -30.579996509 2 4.28045005867 24.5633262795 1.1496809696 17.587626604 59.870974818 
325 52.0364379883 -73.1662063599 -70.7336807251 -33.1736831665 -30.6567250118 2 4.28044988897 24.5633253057 1.40090900703 17.587626604 59.870974818 
326 52.1866140366 -73.2958297729 -70.8633041382 -33.3033065796 -30.8484363254 2 4.36824224756 24.638919701 1.40090936078 17.587625608 59.870974222 
327 52.3469040394 -73.3246459961 -70.8921203613 -33.3321228027 -30.8829975685 2 4.36824259187 24.6389216431 0.901438449075 17.587625608 59.870974222 
328 52.4957361221 -73.3350830078 -70.902557373 -33.3425598145 -30.9403265923 2 4.36824259187 24.6389216431 0.901438449075 17.587625608 59.870974222 
329 52.6858870983 -73.4972381592 -71.0647125244 -33.5047149658 -31.0061010415 2 4.36824242242 24.6389206873 1.14724955989 17.587625608 59.870974222 
330 52.8350770473 -73.4034576416 -70.9709320068 -33.4109344482 -31.0327815457 2 4.36824242242 24.6389206873 1.14724955989 17.587625608 59.870974222 
331 53.0033509731 -73.3755569458 -70.943031311 -33.3830337524 -31.0466672057 2 4.36824202918 24.6389184692 1.71770432528 17.587625608 59.870974222 
332 53.1593010426 -73.30909729 -70.8765716553 -33.3165740967 -30.9842127967 2 4.37704416349 24.6595612733 1.13712838225 17.587625376 59.870974192 
333 53.3520219326 -73.5136642456 -71.0811386108 -33.5211410522 -31.019647425 2 4.37704416348 24.6595612732 1.13714000955 17.587625376 59.870974192 
334 53.5019419193 -73.4339294434 -71.0014038086 -33.44140625 -31.0391303281 2 4.37704402088 24.6595604698 1.34359643234 17.587625376 59.870974192 
335 53.6552920341 -73.1232070923 -70.6906814575 -33.1306838989 -30.9721762938 2 4.37704402088 24.6595604698 1.34359643234 17.587625376 59.870974192 
336 53.8087561131 -73.1137237549 -70.6811981201 -33.1212005615 -30.8404798826 2 4.37704436243 24.659562394 0.849121390456 17.587625376 59.870974192 
337 53.9634799957 -72.9949264526 -70.5624008179 -33.0024032593 -30.6983671212 2 4.37704436243 24.659562394 0.849121390456 17.587625376 59.870974192 
338 54.1150860786 -73.2633132935 -70.8307876587 -33.2707901001 -30.7430893312 2 4.33040830851 24.6885058581 0.964418261339 17.587625206 59.870974666 
339 54.2798700333 -73.2771759033 -70.8446502686 -33.28465271 -30.7964039428 2 4.33040830851 24.6885058581 0.964418261339 17.587625206 59.870974666 
340 54.4430100918 -73.3093338013 -70.8768081665 -33.3168106079 -30.90505942 2 4.3304084569 24.688506704 0.747281945799 17.587625206 59.870974666 
341 54.6232440472 -73.8298110962 -71.3972854614 -33.8372879028 -31.0796309412 2 4.33040822642 24.68850539 1.08454600404 17.587625206 59.870974666 
342 54.7733530998 -73.2054290771 -70.7729034424 -33.2129058838 -31.0533667692 2 4.33040822642 24.68850539 1.08454600404 17.587625206 59.870974666 
343 54.9321060181 -73.2867431641 -70.8542175293 -33.2942199707 -31.0453739276 2 4.33040831389 24.6885058887 0.956556973152 17.587625206 59.870974666 
344 55.0839099884 -73.2572555542 -70.8247299194 -33.2647323608 -30.8714192469 2 4.31944662368 24.6323495179 0.956556747204 17.587625803 59.870974634 
345 55.2696449757 -73.6420593262 -71.2095336914 -33.6495361328 -31.010318774 2 4.31944651303 24.6323488869 1.11888811794 17.587625803 59.870974634 
346 55.4213459492 -73.6377410889 -71.2052154541 -33.6452178955 -31.1265900552 2 4.31944651303 24.6323488869 1.11888811794 17.587625803 59.870974634 
347 55.5877940655 -73.2891998291 -70.8566741943 -33.2966766357 -31.1384685489 2 4.31944652722 24.6323489678 1.09806091689 17.587625803 59.870974634 
348 55.7355420589 -73.2240142822 -70.7914886475 -33.2314910889 -30.9980679919 2 4.31944652722 24.6323489678 1.09806091689 17.587625803 59.870974634 
349 55.9246649742 -73.9162750244 -71.4837493896 -33.9237518311 -31.0767244401 2 4.31944657361 24.6323492323 1.03001871681 17.587625803 59.870974634 
350 56.0704360008 -73.3165130615 -70.8839874268 -33.3239898682 -31.0865110549 2 4.31944657361 24.6323492323 1.03001871681 17.587625803 59.870974634 
351 56.2259390354 -73.3362350464 -70.9037094116 -33.343711853 -31.1276268372 2 4.30856880477 24.5501745002 1.15543676442 17.587626663 59.870974542 
352 56.3784649372 -73.3710403442 -70.9385147095 -33.3785171509 -30.963016471 2 4.30856843124 24.5501723718 1.70480066944 17.587626663 59.870974542 
353 56.5677089691 -73.6847915649 -71.2522659302 -33.6922683716 -31.0803312907 2 4.30856843124 24.5501723718 1.70480066944 17.587626663 59.870974542 
354 56.7152869701 -73.5402297974 -71.1077041626 -33.547706604 -31.150100097 2 4.3085688189 24.5501745807 1.13465637884 17.587626663 59.870974542 
355 56.8711049557 -73.3693313599 -70.9368057251 -33.3768081665 -31.1494875149 2 4.3085688189 24.5501745807 1.13465637884 17.587626663 59.870974542 
356 57.0286409855 -73.3380661011 -70.9055404663 -33.3455429077 -31.0359447105 2 4.30856937203 24.5501777324 0.321137017027 17.587626663 59.870974542 
357 57.2146720886 -73.6815872192 -71.2490615845 -33.6890640259 -31.0794205024 2 4.29094180581 24.508804063 0.321136845037 17.587627128 59.870974602 
358 57.3597779274 -73.404914856 -70.9723892212 -33.4123916626 -31.0917074983 2 4.29094102463 24.5087996011 1.47476814046 17.587627128 59.870974602 
359 57.5150239468 -73.3713226318 -70.9387969971 -33.3787994385 -31.1034283727 2 4.29094102463 24.5087996011 1.47476814046 17.587627128 59.870974602 
360 57.6755709648 -73.3853607178 -70.952835083 -33.3928375244 -31.0090262588 2 4.29094113098 24.5088002085 1.3177227581 17.587627128 59.870974602 
361 57.8636641502 -74.0626754761 -71.6301498413 -34.0701522827 -31.2052504158 2 4.29094098559 24.5087993781 1.53242240961 17.587627128 59.870974602 
362 58.0141921043 -73.5289764404 -71.0964508057 -33.5364532471 -31.2618710092 2 4.29094098559 24.5087993781 1.53242240961 17.587627128 59.870974602 
363 58.1704320908 -73.3763961792 -70.9438705444 -33.3838729858 -31.2585067076 2 4.25549321329 24.4889690774 1.03539324996 17.587627422 59.870974867 
364 58.3245561123 -73.3430557251 -70.9105300903 -33.3505325317 -31.0365167369 2 4.25549321329 24.4889690774 1.03539324996 17.587627422 59.870974867 
365 58.4784860611 -73.5409240723 -71.1083984375 -33.5484008789 -31.0402879179 2 4.25549327131 24.4889694112 0.949006894677 17.587627422 59.870974867 
366 58.6341371536 -73.2925872803 -70.8600616455 -33.3000640869 -31.0114414181 2 4.25549327131 24.4889694112 0.949006894677 17.587627422 59.870974867 
367 58.7959890366 -73.3191833496 -70.8866577148 -33.3266601562 -31.0032821603 2 4.25549323805 24.4889692199 0.998527691423 17.587627422 59.870974867 
368 58.9517951012 -73.2250137329 -70.7924880981 -33.2324905396 -30.9004358225 2 4.25549323805 24.4889692199 0.998527691423 17.587627422 59.870974867 
369 59.1164281368 -73.371925354 -70.9393997192 -33.3794021606 -30.9263919185 2 4.24185937355 24.4572291486 1.474767908 17.587627779 59.870974914 
370 59.27384305 -73.4676361084 -71.0351104736 -33.475112915 -30.9744281231 2 4.24185937355 24.4572291486 1.474767908 17.587627779 59.870974914 
371 59.4229021072 -73.3831710815 -70.9506454468 -33.3906478882 -31.0290297864 2 4.24185956789 24.4572302692 1.18444573145 17.587627779 59.870974914 
372 59.6128959656 -73.2168273926 -70.7843017578 -33.2243041992 -30.9752346389 2 4.24185967126 24.4572308652 1.03001798546 17.587627779 59.870974914 
373 59.7960181236 -73.7797393799 -71.3472137451 -33.7872161865 -31.0691736821 2 4.24185967126 24.4572308652 1.03001798546 17.587627779 59.870974914 
374 59.9575600624 -73.3460159302 -70.9134902954 -33.3534927368 -31.0563456048 2 4.24185932797 24.4572288859 1.54285658881 17.587627779 59.870974914 
